    0.0000     80.798  2.282E-02  5.393E+00  1.954E-02  8.789E-03  3.660E-05  2.178E-01  3.918E-03
    1.0000     84.457  9.124E-03  3.124E+00  9.566E-03  4.034E-03  1.747E-05  1.109E-01  1.665E-03
    2.0000     87.076  4.304E-03  1.774E+00  4.627E-03  1.980E-03  9.141E-06  5.839E-02  8.242E-04
    3.0000     88.493  2.735E-03  1.161E+00  2.770E-03  1.233E-03  5.939E-06  3.726E-02  5.324E-04
    4.0000     88.619  2.621E-03  1.112E+00  2.633E-03  1.177E-03  5.694E-06  3.563E-02  5.108E-04
    5.0000     87.443  3.844E-03  1.606E+00  4.091E-03  1.764E-03  8.232E-06  5.244E-02  7.398E-04
    6.0000     85.042  7.765E-03  2.800E+00  8.295E-03  3.489E-03  1.529E-05  9.754E-02  1.434E-03
    7.0000     81.566  1.909E-02  4.881E+00  1.716E-02  7.579E-03  3.165E-05  1.917E-01  3.307E-03
    8.0000     77.216  4.760E-02  8.014E+00  3.240E-02  1.619E-02  6.861E-05  3.690E-01  8.082E-03
    9.0000     72.232  1.055E-01  1.223E+01  5.486E-02  3.213E-02  1.481E-04  6.738E-01  1.864E-02
   10.0000     66.883  2.014E-01  1.729E+01  8.397E-02  5.779E-02  3.008E-04  1.145E+00  3.808E-02
   11.0000     61.468  3.339E-01  2.273E+01  1.174E-01  9.340E-02  5.526E-04  1.787E+00  6.772E-02
   12.0000     56.322  4.890E-01  2.800E+01  1.515E-01  1.358E-01  9.014E-04  2.552E+00  1.054E-01
   13.0000     51.831  6.426E-01  3.255E+01  1.820E-01  1.787E-01  1.299E-03  3.332E+00  1.451E-01
   14.0000     48.417  7.679E-01  3.592E+01  2.053E-01  2.143E-01  1.661E-03  3.985E+00  1.790E-01
   15.0000     46.482  8.410E-01  3.779E+01  2.183E-01  2.353E-01  1.886E-03  4.374E+00  1.993E-01
   16.0000     46.295  8.481E-01  3.796E+01  2.195E-01  2.374E-01  1.909E-03  4.412E+00  2.013E-01
   17.0000     47.886  7.878E-01  3.644E+01  2.088E-01  2.200E-01  1.721E-03  4.091E+00  1.845E-01
   18.0000     51.024  6.716E-01  3.335E+01  1.875E-01  1.869E-01  1.380E-03  3.481E+00  1.528E-01
   19.0000     55.325  5.218E-01  2.901E+01  1.582E-01  1.449E-01  9.821E-04  2.717E+00  1.137E-01
   20.0000     60.364  3.649E-01  2.386E+01  1.246E-01  1.018E-01  6.179E-04  1.939E+00  7.502E-02
   21.0000     65.746  2.263E-01  1.841E+01  9.070E-02  6.446E-02  3.447E-04  1.265E+00  4.344E-02
   22.0000     71.124  1.224E-01  1.324E+01  6.049E-02  3.668E-02  1.731E-04  7.584E-01  2.191E-02
   23.0000     76.195  5.710E-02  8.826E+00  3.658E-02  1.888E-02  8.105E-05  4.219E-01  9.738E-03
