    0.0000     80.683  2.342E-02  5.470E+00  1.990E-02  8.979E-03  3.738E-05  2.219E-01  4.017E-03
    1.0000     84.343  9.409E-03  3.187E+00  9.822E-03  4.146E-03  1.791E-05  1.136E-01  1.713E-03
    2.0000     86.963  4.452E-03  1.826E+00  4.798E-03  2.049E-03  9.427E-06  6.026E-02  8.512E-04
    3.0000     88.384  2.837E-03  1.204E+00  2.892E-03  1.282E-03  6.156E-06  3.870E-02  5.517E-04
    4.0000     88.513  2.716E-03  1.153E+00  2.747E-03  1.223E-03  5.897E-06  3.699E-02  5.288E-04
    5.0000     87.343  3.965E-03  1.651E+00  4.232E-03  1.821E-03  8.472E-06  5.401E-02  7.619E-04
    6.0000     84.947  7.971E-03  2.851E+00  8.492E-03  3.573E-03  1.563E-05  9.961E-02  1.469E-03
    7.0000     81.476  1.950E-02  4.939E+00  1.743E-02  7.712E-03  3.219E-05  1.946E-01  3.373E-03
    8.0000     77.130  4.834E-02  8.078E+00  3.273E-02  1.640E-02  6.957E-05  3.732E-01  8.209E-03
    9.0000     72.150  1.067E-01  1.230E+01  5.525E-02  3.245E-02  1.498E-04  6.797E-01  1.887E-02
   10.0000     66.803  2.031E-01  1.736E+01  8.442E-02  5.824E-02  3.037E-04  1.153E+00  3.843E-02
   11.0000     61.387  3.360E-01  2.281E+01  1.179E-01  9.398E-02  5.571E-04  1.797E+00  6.822E-02
   12.0000     56.239  4.916E-01  2.808E+01  1.520E-01  1.365E-01  9.077E-04  2.565E+00  1.060E-01
   13.0000     51.744  6.457E-01  3.263E+01  1.826E-01  1.796E-01  1.308E-03  3.348E+00  1.459E-01
   14.0000     48.323  7.712E-01  3.600E+01  2.058E-01  2.153E-01  1.671E-03  4.003E+00  1.799E-01
   15.0000     46.381  8.446E-01  3.787E+01  2.189E-01  2.364E-01  1.897E-03  4.393E+00  2.003E-01
   16.0000     46.190  8.519E-01  3.805E+01  2.202E-01  2.385E-01  1.921E-03  4.433E+00  2.024E-01
   17.0000     47.777  7.917E-01  3.653E+01  2.095E-01  2.211E-01  1.733E-03  4.112E+00  1.856E-01
   18.0000     50.914  6.756E-01  3.345E+01  1.882E-01  1.880E-01  1.392E-03  3.502E+00  1.539E-01
   19.0000     55.214  5.253E-01  2.912E+01  1.589E-01  1.459E-01  9.911E-04  2.735E+00  1.146E-01
   20.0000     60.253  3.680E-01  2.396E+01  1.253E-01  1.027E-01  6.246E-04  1.954E+00  7.576E-02
   21.0000     65.635  2.288E-01  1.852E+01  9.134E-02  6.511E-02  3.491E-04  1.277E+00  4.397E-02
   22.0000     71.014  1.242E-01  1.334E+01  6.105E-02  3.714E-02  1.757E-04  7.669E-01  2.225E-02
   23.0000     76.085  5.818E-02  8.913E+00  3.704E-02  1.918E-02  8.247E-05  4.277E-01  9.929E-03

