    0.0000     92.052  5.550E-04  1.760E-01  4.025E-04  2.133E-04  1.135E-06  6.078E-03  1.107E-04
    1.0000     95.790  9.310E-06  2.937E-03  7.554E-06  3.670E-06  1.727E-08  1.036E-04  1.717E-06
    2.0000     97.934  4.011E-16  2.896E-06  1.014E-10  2.061E-10  1.451E-12  3.575E-08  1.070E-12
    3.0000     98.319  2.033E-20  1.215E-08  9.011E-15  2.272E-13  8.866E-16  9.903E-11  8.404E-17
    4.0000     96.915  3.064E-08  3.905E-04  4.791E-07  1.550E-07  7.712E-10  8.695E-06  1.377E-08
    5.0000     93.831  1.389E-04  3.337E-02  8.928E-05  4.976E-05  2.661E-07  1.302E-03  2.752E-05
    6.0000     89.289  2.072E-03  8.672E-01  1.984E-03  9.116E-04  4.502E-06  2.770E-02  4.063E-04
    7.0000     83.577  1.159E-02  3.644E+00  1.170E-02  4.976E-03  2.122E-05  1.333E-01  2.077E-03
    8.0000     77.007  4.963E-02  8.209E+00  3.337E-02  1.678E-02  7.129E-05  3.809E-01  8.433E-03
    9.0000     69.906  1.434E-01  1.443E+01  6.721E-02  4.231E-02  2.051E-04  8.625E-01  2.606E-02
   10.0000     62.613  3.042E-01  2.165E+01  1.105E-01  8.540E-02  4.919E-04  1.643E+00  6.082E-02
   11.0000     55.513  5.176E-01  2.894E+01  1.576E-01  1.437E-01  9.704E-04  2.696E+00  1.125E-01
   12.0000     49.081  7.460E-01  3.541E+01  2.015E-01  2.080E-01  1.593E-03  3.870E+00  1.729E-01
   13.0000     43.923  9.429E-01  4.034E+01  2.362E-01  2.649E-01  2.214E-03  4.924E+00  2.280E-01
   14.0000     40.744  1.066E+00  4.322E+01  2.568E-01  3.012E-01  2.642E-03  5.605E+00  2.639E-01
   15.0000     40.136  1.090E+00  4.376E+01  2.606E-01  3.082E-01  2.727E-03  5.737E+00  2.709E-01
   16.0000     42.227  1.009E+00  4.189E+01  2.472E-01  2.842E-01  2.438E-03  5.285E+00  2.470E-01
   17.0000     46.592  8.395E-01  3.782E+01  2.183E-01  2.349E-01  1.879E-03  4.366E+00  1.987E-01
   18.0000     52.537  6.200E-01  3.196E+01  1.779E-01  1.723E-01  1.236E-03  3.216E+00  1.390E-01
   19.0000     59.398  3.946E-01  2.494E+01  1.314E-01  1.099E-01  6.819E-04  2.085E+00  8.208E-02
   20.0000     66.645  2.072E-01  1.759E+01  8.568E-02  5.937E-02  3.108E-04  1.174E+00  3.931E-02
   21.0000     73.861  8.365E-02  1.083E+01  4.715E-02  2.622E-02  1.170E-04  5.630E-01  1.453E-02
   22.0000     80.688  2.349E-02  5.487E+00  1.996E-02  9.005E-03  3.749E-05  2.225E-01  4.028E-03
   23.0000     86.797  4.698E-03  1.912E+00  5.078E-03  2.162E-03  9.902E-06  6.334E-02  8.959E-04

