    0.0000     92.038  5.616E-04  1.788E-01  4.080E-04  2.161E-04  1.150E-06  6.163E-03  1.121E-04
    1.0000     95.801  9.060E-06  2.902E-03  7.440E-06  3.592E-06  1.680E-08  1.018E-04  1.665E-06
    2.0000     97.961  2.323E-16  2.104E-06  6.116E-11  1.383E-10  9.566E-13  2.518E-08  6.418E-13
    3.0000     98.353  4.587E-21  5.581E-09  2.144E-15  8.658E-14  2.978E-16  4.375E-11  1.956E-17
    4.0000     96.945  2.117E-08  3.583E-04  4.141E-07  1.355E-07  6.894E-10  7.863E-06  1.111E-08
    5.0000     93.849  1.367E-04  3.278E-02  8.782E-05  4.895E-05  2.617E-07  1.280E-03  2.708E-05
    6.0000     89.285  2.074E-03  8.682E-01  1.986E-03  9.127E-04  4.506E-06  2.773E-02  4.067E-04
    7.0000     83.544  1.168E-02  3.662E+00  1.177E-02  5.011E-03  2.136E-05  1.341E-01  2.092E-03
    8.0000     76.939  5.024E-02  8.260E+00  3.363E-02  1.695E-02  7.207E-05  3.842E-01  8.538E-03
    9.0000     69.795  1.453E-01  1.453E+01  6.778E-02  4.282E-02  2.081E-04  8.717E-01  2.644E-02
   10.0000     62.453  3.083E-01  2.180E+01  1.115E-01  8.650E-02  5.002E-04  1.663E+00  6.176E-02
   11.0000     55.298  5.245E-01  2.915E+01  1.590E-01  1.457E-01  9.879E-04  2.731E+00  1.143E-01
   12.0000     48.805  7.560E-01  3.567E+01  2.033E-01  2.109E-01  1.623E-03  3.923E+00  1.756E-01
   13.0000     43.587  9.555E-01  4.064E+01  2.383E-01  2.686E-01  2.257E-03  4.993E+00  2.317E-01
   14.0000     40.363  1.081E+00  4.354E+01  2.591E-01  3.055E-01  2.694E-03  5.686E+00  2.682E-01
   15.0000     39.739  1.105E+00  4.409E+01  2.630E-01  3.126E-01  2.781E-03  5.822E+00  2.753E-01
   16.0000     41.852  1.023E+00  4.222E+01  2.496E-01  2.884E-01  2.488E-03  5.364E+00  2.512E-01
   17.0000     46.264  8.522E-01  3.812E+01  2.205E-01  2.386E-01  1.919E-03  4.434E+00  2.023E-01
   18.0000     52.264  6.294E-01  3.222E+01  1.797E-01  1.750E-01  1.262E-03  3.264E+00  1.415E-01
   19.0000     59.181  4.010E-01  2.516E+01  1.328E-01  1.116E-01  6.960E-04  2.116E+00  8.362E-02
   20.0000     66.480  2.108E-01  1.774E+01  8.663E-02  6.031E-02  3.169E-04  1.191E+00  4.006E-02
   21.0000     73.741  8.514E-02  1.093E+01  4.769E-02  2.663E-02  1.191E-04  5.706E-01  1.480E-02
   22.0000     80.610  2.389E-02  5.538E+00  2.020E-02  9.132E-03  3.801E-05  2.252E-01  4.094E-03
   23.0000     86.757  4.753E-03  1.931E+00  5.141E-03  2.187E-03  1.001E-05  6.403E-02  9.059E-04

