    0.0000     92.247  4.982E-04  1.532E-01  3.538E-04  1.895E-04  1.012E-06  5.351E-03  9.946E-05
    1.0000     95.967  6.041E-06  2.243E-03  5.571E-06  2.535E-06  1.127E-08  7.490E-05  1.071E-06
    2.0000     98.089  1.767E-17  4.608E-07  5.193E-12  2.077E-11  1.282E-13  4.809E-09  5.295E-14
    3.0000     98.452  7.103E-23  6.486E-10  3.830E-17  6.091E-15  1.446E-17  4.667E-12  3.269E-19
    4.0000     97.026  9.005E-09  2.963E-04  2.975E-07  1.010E-07  5.392E-10  6.305E-06  6.941E-09
    5.0000     93.923  1.273E-04  3.053E-02  8.196E-05  4.563E-05  2.437E-07  1.193E-03  2.521E-05
    6.0000     89.366  2.015E-03  8.408E-01  1.917E-03  8.838E-04  4.375E-06  2.685E-02  3.952E-04
    7.0000     83.644  1.139E-02  3.606E+00  1.153E-02  4.902E-03  2.093E-05  1.316E-01  2.044E-03
    8.0000     77.071  4.909E-02  8.162E+00  3.312E-02  1.662E-02  7.057E-05  3.779E-01  8.338E-03
    9.0000     69.972  1.423E-01  1.437E+01  6.687E-02  4.201E-02  2.034E-04  8.571E-01  2.583E-02
   10.0000     62.690  3.023E-01  2.158E+01  1.101E-01  8.488E-02  4.881E-04  1.634E+00  6.037E-02
   11.0000     55.609  5.145E-01  2.885E+01  1.570E-01  1.429E-01  9.627E-04  2.681E+00  1.117E-01
   12.0000     49.207  7.415E-01  3.530E+01  2.007E-01  2.068E-01  1.580E-03  3.846E+00  1.716E-01
   13.0000     44.088  9.368E-01  4.020E+01  2.351E-01  2.631E-01  2.193E-03  4.891E+00  2.263E-01
   14.0000     40.952  1.058E+00  4.305E+01  2.555E-01  2.987E-01  2.610E-03  5.558E+00  2.613E-01
   15.0000     40.380  1.081E+00  4.356E+01  2.592E-01  3.055E-01  2.693E-03  5.686E+00  2.682E-01
   16.0000     42.492  9.987E-01  4.167E+01  2.456E-01  2.813E-01  2.403E-03  5.230E+00  2.441E-01
   17.0000     46.862  8.300E-01  3.758E+01  2.166E-01  2.321E-01  1.848E-03  4.315E+00  1.961E-01
   18.0000     52.803  6.107E-01  3.170E+01  1.761E-01  1.697E-01  1.211E-03  3.168E+00  1.366E-01
   19.0000     59.655  3.872E-01  2.469E+01  1.298E-01  1.079E-01  6.653E-04  2.048E+00  8.028E-02
   20.0000     66.892  2.020E-01  1.735E+01  8.426E-02  5.798E-02  3.017E-04  1.148E+00  3.819E-02
   21.0000     74.095  8.075E-02  1.063E+01  4.607E-02  2.543E-02  1.130E-04  5.480E-01  1.399E-02
   22.0000     80.909  2.234E-02  5.339E+00  1.926E-02  8.640E-03  3.599E-05  2.148E-01  3.840E-03
   23.0000     87.004  4.416E-03  1.815E+00  4.755E-03  2.032E-03  9.361E-06  5.982E-02  8.447E-04
