    0.0000     91.718  6.847E-04  2.292E-01  5.147E-04  2.681E-04  1.418E-06  7.761E-03  1.365E-04
    1.0000     95.468  1.702E-05  4.622E-03  1.239E-05  6.403E-06  3.212E-08  1.731E-04  3.268E-06
    2.0000     97.625  3.297E-13  3.639E-05  6.111E-09  5.039E-09  3.653E-11  5.829E-07  7.292E-11
    3.0000     98.028  6.309E-17  9.828E-07  1.801E-11  5.349E-11  3.518E-13  1.096E-08  1.863E-13
    4.0000     96.643  2.704E-07  6.788E-04  1.163E-06  3.764E-07  1.632E-09  1.681E-05  5.859E-08
    5.0000     93.577  1.770E-04  4.370E-02  1.142E-04  6.368E-05  3.416E-07  1.681E-03  3.515E-05
    6.0000     89.051  2.258E-03  9.516E-01  2.202E-03  1.002E-03  4.910E-06  3.041E-02  4.419E-04
    7.0000     83.349  1.229E-02  3.777E+00  1.226E-02  5.232E-03  2.224E-05  1.392E-01  2.192E-03
    8.0000     76.784  5.164E-02  8.380E+00  3.425E-02  1.735E-02  7.390E-05  3.920E-01  8.782E-03
    9.0000     69.679  1.473E-01  1.464E+01  6.839E-02  4.335E-02  2.113E-04  8.816E-01  2.685E-02
   10.0000     62.372  3.104E-01  2.188E+01  1.120E-01  8.706E-02  5.044E-04  1.673E+00  6.224E-02
   11.0000     55.247  5.261E-01  2.919E+01  1.593E-01  1.461E-01  9.918E-04  2.739E+00  1.147E-01
   12.0000     48.779  7.567E-01  3.568E+01  2.034E-01  2.111E-01  1.625E-03  3.926E+00  1.758E-01
   13.0000     43.575  9.556E-01  4.063E+01  2.383E-01  2.686E-01  2.258E-03  4.994E+00  2.317E-01
   14.0000     40.351  1.081E+00  4.354E+01  2.591E-01  3.055E-01  2.694E-03  5.687E+00  2.682E-01
   15.0000     39.711  1.106E+00  4.409E+01  2.631E-01  3.129E-01  2.784E-03  5.826E+00  2.755E-01
   16.0000     41.794  1.025E+00  4.225E+01  2.498E-01  2.889E-01  2.495E-03  5.375E+00  2.518E-01
   17.0000     46.170  8.555E-01  3.820E+01  2.211E-01  2.395E-01  1.930E-03  4.452E+00  2.033E-01
   18.0000     52.133  6.339E-01  3.234E+01  1.805E-01  1.762E-01  1.274E-03  3.287E+00  1.427E-01
   19.0000     59.012  4.059E-01  2.532E+01  1.339E-01  1.130E-01  7.071E-04  2.140E+00  8.481E-02
   20.0000     66.276  2.152E-01  1.794E+01  8.781E-02  6.149E-02  3.247E-04  1.212E+00  4.101E-02
   21.0000     73.505  8.817E-02  1.113E+01  4.880E-02  2.745E-02  1.233E-04  5.862E-01  1.537E-02
   22.0000     80.343  2.535E-02  5.721E+00  2.107E-02  9.592E-03  3.992E-05  2.349E-01  4.335E-03
   23.0000     86.463  5.186E-03  2.073E+00  5.625E-03  2.384E-03  1.082E-05  6.927E-02  9.837E-04

