    0.0000     83.700  1.118E-02  3.561E+00  1.136E-02  4.823E-03  2.061E-05  1.297E-01  2.009E-03
    1.0000     87.735  3.510E-03  1.478E+00  3.695E-03  1.606E-03  7.558E-06  4.799E-02  6.779E-04
    2.0000     90.571  1.199E-03  4.607E-01  1.019E-03  4.987E-04  2.559E-06  1.495E-02  2.373E-04
    3.0000     92.026  5.684E-04  1.826E-01  4.144E-04  2.192E-04  1.166E-06  6.271E-03  1.134E-04
    4.0000     92.001  5.788E-04  1.854E-01  4.219E-04  2.231E-04  1.187E-06  6.377E-03  1.155E-04
    5.0000     90.497  1.239E-03  4.795E-01  1.062E-03  5.173E-04  2.648E-06  1.553E-02  2.452E-04
    6.0000     87.616  3.644E-03  1.530E+00  3.854E-03  1.670E-03  7.830E-06  4.979E-02  7.028E-04
    7.0000     83.544  1.165E-02  3.653E+00  1.174E-02  4.998E-03  2.130E-05  1.337E-01  2.087E-03
    8.0000     78.517  3.714E-02  7.024E+00  2.742E-02  1.316E-02  5.510E-05  3.084E-01  6.297E-03
    9.0000     72.808  9.739E-02  1.172E+01  5.206E-02  2.994E-02  1.363E-04  6.329E-01  1.710E-02
   10.0000     66.709  2.053E-01  1.747E+01  8.506E-02  5.884E-02  3.075E-04  1.164E+00  3.890E-02
   11.0000     60.547  3.600E-01  2.369E+01  1.235E-01  1.005E-01  6.073E-04  1.915E+00  7.385E-02
   12.0000     54.691  5.436E-01  2.969E+01  1.627E-01  1.510E-01  1.037E-03  2.827E+00  1.192E-01
   13.0000     49.583  7.251E-01  3.481E+01  1.975E-01  2.021E-01  1.533E-03  3.760E+00  1.673E-01
   14.0000     45.734  8.703E-01  3.853E+01  2.235E-01  2.438E-01  1.979E-03  4.532E+00  2.075E-01
   15.0000     43.651  9.506E-01  4.047E+01  2.372E-01  2.672E-01  2.243E-03  4.967E+00  2.304E-01
   16.0000     43.671  9.498E-01  4.045E+01  2.371E-01  2.669E-01  2.240E-03  4.962E+00  2.301E-01
   17.0000     45.791  8.681E-01  3.847E+01  2.231E-01  2.432E-01  1.972E-03  4.520E+00  2.069E-01
   18.0000     49.667  7.220E-01  3.472E+01  1.969E-01  2.012E-01  1.524E-03  3.744E+00  1.664E-01
   19.0000     54.789  5.402E-01  2.958E+01  1.620E-01  1.500E-01  1.028E-03  2.810E+00  1.184E-01
   20.0000     60.648  3.571E-01  2.359E+01  1.228E-01  9.969E-02  6.011E-04  1.900E+00  7.316E-02
   21.0000     66.805  2.032E-01  1.738E+01  8.449E-02  5.828E-02  3.039E-04  1.153E+00  3.846E-02
   22.0000     72.887  9.627E-02  1.165E+01  5.166E-02  2.964E-02  1.348E-04  6.273E-01  1.689E-02
   23.0000     78.573  3.672E-02  6.981E+00  2.720E-02  1.303E-02  5.457E-05  3.059E-01  6.227E-03

