    0.0000     83.861  1.072E-02  3.468E+00  1.097E-02  4.650E-03  1.992E-05  1.256E-01  1.932E-03
    1.0000     87.905  3.326E-03  1.405E+00  3.475E-03  1.517E-03  7.179E-06  4.548E-02  6.435E-04
    2.0000     90.747  1.112E-03  4.204E-01  9.286E-04  4.587E-04  2.366E-06  1.370E-02  2.205E-04
    3.0000     92.205  5.064E-04  1.566E-01  3.612E-04  1.930E-04  1.030E-06  5.459E-03  1.011E-04
    4.0000     92.179  5.131E-04  1.593E-01  3.669E-04  1.958E-04  1.045E-06  5.544E-03  1.024E-04
    5.0000     90.669  1.149E-03  4.376E-01  9.673E-04  4.758E-04  2.448E-06  1.423E-02  2.277E-04
    6.0000     87.780  3.461E-03  1.459E+00  3.637E-03  1.582E-03  7.458E-06  4.733E-02  6.688E-04
    7.0000     83.696  1.120E-02  3.564E+00  1.137E-02  4.829E-03  2.063E-05  1.298E-01  2.012E-03
    8.0000     78.657  3.612E-02  6.922E+00  2.691E-02  1.286E-02  5.380E-05  3.024E-01  6.127E-03
    9.0000     72.935  9.566E-02  1.161E+01  5.145E-02  2.947E-02  1.339E-04  6.242E-01  1.677E-02
   10.0000     66.825  2.029E-01  1.737E+01  8.441E-02  5.819E-02  3.033E-04  1.152E+00  3.839E-02
   11.0000     60.651  3.572E-01  2.359E+01  1.228E-01  9.971E-02  6.012E-04  1.901E+00  7.317E-02
   12.0000     54.786  5.405E-01  2.960E+01  1.621E-01  1.501E-01  1.029E-03  2.811E+00  1.184E-01
   13.0000     49.672  7.221E-01  3.473E+01  1.970E-01  2.012E-01  1.524E-03  3.744E+00  1.664E-01
   14.0000     45.818  8.674E-01  3.846E+01  2.229E-01  2.429E-01  1.969E-03  4.515E+00  2.067E-01
   15.0000     43.734  9.476E-01  4.041E+01  2.368E-01  2.663E-01  2.232E-03  4.951E+00  2.295E-01
   16.0000     43.756  9.468E-01  4.039E+01  2.366E-01  2.661E-01  2.230E-03  4.946E+00  2.293E-01
   17.0000     45.880  8.650E-01  3.840E+01  2.226E-01  2.423E-01  1.961E-03  4.503E+00  2.060E-01
   18.0000     49.762  7.187E-01  3.464E+01  1.963E-01  2.003E-01  1.514E-03  3.727E+00  1.655E-01
   19.0000     54.892  5.369E-01  2.949E+01  1.613E-01  1.491E-01  1.020E-03  2.793E+00  1.175E-01
   20.0000     60.760  3.540E-01  2.348E+01  1.221E-01  9.886E-02  5.946E-04  1.885E+00  7.243E-02
   21.0000     66.927  2.007E-01  1.726E+01  8.380E-02  5.761E-02  2.995E-04  1.141E+00  3.792E-02
   22.0000     73.020  9.447E-02  1.154E+01  5.103E-02  2.915E-02  1.322E-04  6.181E-01  1.655E-02
   23.0000     78.717  3.568E-02  6.876E+00  2.668E-02  1.273E-02  5.323E-05  2.997E-01  6.052E-03
