    0.0000     83.559  1.160E-02  3.643E+00  1.170E-02  4.979E-03  2.123E-05  1.333E-01  2.079E-03
    1.0000     87.590  3.673E-03  1.541E+00  3.889E-03  1.683E-03  7.889E-06  5.017E-02  7.081E-04
    2.0000     90.425  1.280E-03  4.986E-01  1.105E-03  5.363E-04  2.740E-06  1.612E-02  2.531E-04
    3.0000     91.881  6.123E-04  1.993E-01  4.520E-04  2.375E-04  1.260E-06  6.817E-03  1.221E-04
    4.0000     91.859  6.194E-04  2.023E-01  4.584E-04  2.406E-04  1.276E-06  6.911E-03  1.235E-04
    5.0000     90.361  1.318E-03  5.167E-01  1.145E-03  5.542E-04  2.826E-06  1.668E-02  2.606E-04
    6.0000     87.488  3.793E-03  1.587E+00  4.030E-03  1.740E-03  8.130E-06  5.176E-02  7.303E-04
    7.0000     83.423  1.202E-02  3.723E+00  1.204E-02  5.133E-03  2.184E-05  1.369E-01  2.148E-03
    8.0000     78.405  3.796E-02  7.106E+00  2.782E-02  1.340E-02  5.616E-05  3.133E-01  6.437E-03
    9.0000     72.702  9.883E-02  1.181E+01  5.256E-02  3.033E-02  1.384E-04  6.402E-01  1.737E-02
   10.0000     66.610  2.074E-01  1.757E+01  8.562E-02  5.939E-02  3.111E-04  1.174E+00  3.935E-02
   11.0000     60.451  3.627E-01  2.378E+01  1.241E-01  1.012E-01  6.130E-04  1.928E+00  7.448E-02
   12.0000     54.596  5.466E-01  2.977E+01  1.633E-01  1.518E-01  1.045E-03  2.842E+00  1.200E-01
   13.0000     49.487  7.285E-01  3.489E+01  1.981E-01  2.030E-01  1.543E-03  3.778E+00  1.682E-01
   14.0000     45.634  8.739E-01  3.861E+01  2.241E-01  2.449E-01  1.990E-03  4.551E+00  2.085E-01
   15.0000     43.546  9.543E-01  4.056E+01  2.379E-01  2.683E-01  2.256E-03  4.987E+00  2.315E-01
   16.0000     43.563  9.537E-01  4.054E+01  2.377E-01  2.681E-01  2.253E-03  4.984E+00  2.313E-01
   17.0000     45.679  8.721E-01  3.857E+01  2.237E-01  2.443E-01  1.985E-03  4.541E+00  2.080E-01
   18.0000     49.553  7.260E-01  3.483E+01  1.977E-01  2.023E-01  1.536E-03  3.765E+00  1.675E-01
   19.0000     54.673  5.440E-01  2.969E+01  1.627E-01  1.511E-01  1.038E-03  2.829E+00  1.193E-01
   20.0000     60.529  3.604E-01  2.370E+01  1.236E-01  1.006E-01  6.082E-04  1.917E+00  7.394E-02
   21.0000     66.681  2.058E-01  1.749E+01  8.519E-02  5.897E-02  3.084E-04  1.166E+00  3.901E-02
   22.0000     72.759  9.801E-02  1.176E+01  5.227E-02  3.011E-02  1.372E-04  6.361E-01  1.722E-02
   23.0000     78.441  3.769E-02  7.078E+00  2.769E-02  1.332E-02  5.581E-05  3.116E-01  6.390E-03
