    0.0000     82.498  1.519E-02  4.277E+00  1.445E-02  6.257E-03  2.632E-05  1.625E-01  2.668E-03
    1.0000     86.619  4.928E-03  1.987E+00  5.338E-03  2.267E-03  1.033E-05  6.613E-02  9.371E-04
    2.0000     89.555  1.866E-03  7.727E-01  1.747E-03  8.127E-04  4.046E-06  2.469E-02  3.666E-04
    3.0000     91.120  9.225E-04  3.341E-01  7.403E-04  3.731E-04  1.944E-06  1.103E-02  1.833E-04
    4.0000     91.210  8.822E-04  3.160E-01  7.011E-04  3.551E-04  1.855E-06  1.046E-02  1.755E-04
    5.0000     89.818  1.686E-03  6.893E-01  1.543E-03  7.268E-04  3.648E-06  2.205E-02  3.320E-04
    6.0000     87.039  4.343E-03  1.788E+00  4.673E-03  1.998E-03  9.215E-06  5.888E-02  8.313E-04
    7.0000     83.049  1.321E-02  3.939E+00  1.297E-02  5.562E-03  2.354E-05  1.467E-01  2.344E-03
    8.0000     78.078  4.037E-02  7.334E+00  2.898E-02  1.410E-02  5.925E-05  3.273E-01  6.844E-03
    9.0000     72.394  1.030E-01  1.206E+01  5.395E-02  3.144E-02  1.444E-04  6.608E-01  1.816E-02
   10.0000     66.285  2.139E-01  1.784E+01  8.733E-02  6.114E-02  3.227E-04  1.205E+00  4.077E-02
   11.0000     60.071  3.727E-01  2.411E+01  1.263E-01  1.039E-01  6.350E-04  1.976E+00  7.690E-02
   12.0000     54.119  5.615E-01  3.019E+01  1.661E-01  1.560E-01  1.084E-03  2.917E+00  1.239E-01
   13.0000     48.870  7.496E-01  3.541E+01  2.018E-01  2.091E-01  1.607E-03  3.889E+00  1.740E-01
   14.0000     44.841  9.022E-01  3.926E+01  2.288E-01  2.531E-01  2.084E-03  4.704E+00  2.166E-01
   15.0000     42.567  9.898E-01  4.135E+01  2.436E-01  2.787E-01  2.379E-03  5.183E+00  2.418E-01
   16.0000     42.424  9.948E-01  4.148E+01  2.446E-01  2.802E-01  2.397E-03  5.212E+00  2.433E-01
   17.0000     44.438  9.176E-01  3.963E+01  2.314E-01  2.576E-01  2.135E-03  4.788E+00  2.211E-01
   18.0000     48.268  7.720E-01  3.600E+01  2.059E-01  2.155E-01  1.674E-03  4.007E+00  1.802E-01
   19.0000     53.389  5.866E-01  3.092E+01  1.711E-01  1.630E-01  1.149E-03  3.045E+00  1.304E-01
   20.0000     59.274  3.961E-01  2.493E+01  1.315E-01  1.103E-01  6.861E-04  2.091E+00  8.250E-02
   21.0000     65.473  2.321E-01  1.865E+01  9.217E-02  6.600E-02  3.553E-04  1.293E+00  4.471E-02
   22.0000     71.609  1.146E-01  1.277E+01  5.789E-02  3.458E-02  1.614E-04  7.192E-01  2.040E-02
   23.0000     77.359  4.626E-02  7.885E+00  3.177E-02  1.580E-02  6.686E-05  3.612E-01  7.851E-03

