    0.0000     82.374  1.566E-02  4.354E+00  1.479E-02  6.420E-03  2.697E-05  1.661E-01  2.745E-03
    1.0000     86.515  5.080E-03  2.037E+00  5.509E-03  2.336E-03  1.061E-05  6.796E-02  9.645E-04
    2.0000     89.472  1.924E-03  7.997E-01  1.815E-03  8.407E-04  4.175E-06  2.554E-02  3.778E-04
    3.0000     91.059  9.549E-04  3.489E-01  7.717E-04  3.876E-04  2.016E-06  1.148E-02  1.897E-04
    4.0000     91.170  8.987E-04  3.235E-01  7.173E-04  3.625E-04  1.891E-06  1.070E-02  1.787E-04
    5.0000     89.797  1.699E-03  6.954E-01  1.558E-03  7.331E-04  3.677E-06  2.225E-02  3.345E-04
    6.0000     87.033  4.350E-03  1.790E+00  4.681E-03  2.001E-03  9.227E-06  5.896E-02  8.324E-04
    7.0000     83.053  1.319E-02  3.935E+00  1.296E-02  5.555E-03  2.351E-05  1.465E-01  2.340E-03
    8.0000     78.088  4.028E-02  7.324E+00  2.894E-02  1.407E-02  5.913E-05  3.267E-01  6.829E-03
    9.0000     72.403  1.028E-01  1.205E+01  5.388E-02  3.139E-02  1.441E-04  6.599E-01  1.813E-02
   10.0000     66.288  2.138E-01  1.783E+01  8.728E-02  6.109E-02  3.225E-04  1.204E+00  4.074E-02
   11.0000     60.061  3.729E-01  2.411E+01  1.263E-01  1.040E-01  6.354E-04  1.977E+00  7.693E-02
   12.0000     54.089  5.623E-01  3.020E+01  1.663E-01  1.562E-01  1.086E-03  2.921E+00  1.241E-01
   13.0000     48.813  7.514E-01  3.545E+01  2.021E-01  2.096E-01  1.613E-03  3.899E+00  1.745E-01
   14.0000     44.751  9.053E-01  3.933E+01  2.293E-01  2.540E-01  2.095E-03  4.721E+00  2.175E-01
   15.0000     42.442  9.941E-01  4.145E+01  2.443E-01  2.799E-01  2.394E-03  5.206E+00  2.431E-01
   16.0000     42.269  1.001E+00  4.160E+01  2.455E-01  2.820E-01  2.418E-03  5.245E+00  2.451E-01
   17.0000     44.263  9.235E-01  3.978E+01  2.325E-01  2.593E-01  2.156E-03  4.820E+00  2.227E-01
   18.0000     48.085  7.785E-01  3.616E+01  2.070E-01  2.174E-01  1.694E-03  4.042E+00  1.820E-01
   19.0000     53.208  5.927E-01  3.109E+01  1.722E-01  1.647E-01  1.165E-03  3.076E+00  1.320E-01
   20.0000     59.100  4.011E-01  2.509E+01  1.326E-01  1.117E-01  6.974E-04  2.116E+00  8.373E-02
   21.0000     65.310  2.358E-01  1.880E+01  9.312E-02  6.698E-02  3.619E-04  1.311E+00  4.551E-02
   22.0000     71.461  1.168E-01  1.290E+01  5.862E-02  3.518E-02  1.648E-04  7.303E-01  2.083E-02
   23.0000     77.228  4.737E-02  7.985E+00  3.227E-02  1.612E-02  6.830E-05  3.675E-01  8.044E-03

