    0.0000     82.304  1.592E-02  4.396E+00  1.498E-02  6.512E-03  2.734E-05  1.681E-01  2.789E-03
    1.0000     86.474  5.142E-03  2.057E+00  5.577E-03  2.364E-03  1.073E-05  6.870E-02  9.755E-04
    2.0000     89.459  1.933E-03  8.038E-01  1.825E-03  8.450E-04  4.195E-06  2.568E-02  3.795E-04
    3.0000     91.074  9.458E-04  3.447E-01  7.629E-04  3.836E-04  1.996E-06  1.135E-02  1.879E-04
    4.0000     91.211  8.813E-04  3.156E-01  7.002E-04  3.547E-04  1.853E-06  1.045E-02  1.753E-04
    5.0000     89.859  1.659E-03  6.765E-01  1.512E-03  7.137E-04  3.587E-06  2.165E-02  3.267E-04
    6.0000     87.111  4.247E-03  1.753E+00  4.562E-03  1.954E-03  9.028E-06  5.765E-02  8.137E-04
    7.0000     83.140  1.290E-02  3.881E+00  1.273E-02  5.449E-03  2.309E-05  1.441E-01  2.292E-03
    8.0000     78.178  3.957E-02  7.255E+00  2.859E-02  1.386E-02  5.821E-05  3.225E-01  6.709E-03
    9.0000     72.489  1.015E-01  1.197E+01  5.345E-02  3.105E-02  1.423E-04  6.535E-01  1.789E-02
   10.0000     66.364  2.121E-01  1.776E+01  8.682E-02  6.064E-02  3.195E-04  1.196E+00  4.037E-02
   11.0000     60.119  3.711E-01  2.405E+01  1.259E-01  1.035E-01  6.316E-04  1.968E+00  7.652E-02
   12.0000     54.123  5.611E-01  3.016E+01  1.660E-01  1.558E-01  1.083E-03  2.915E+00  1.238E-01
   13.0000     48.813  7.513E-01  3.545E+01  2.021E-01  2.096E-01  1.612E-03  3.898E+00  1.745E-01
   14.0000     44.711  9.067E-01  3.936E+01  2.295E-01  2.544E-01  2.100E-03  4.729E+00  2.180E-01
   15.0000     42.359  9.973E-01  4.151E+01  2.448E-01  2.809E-01  2.405E-03  5.224E+00  2.440E-01
   16.0000     42.148  1.005E+00  4.170E+01  2.462E-01  2.833E-01  2.434E-03  5.269E+00  2.464E-01
   17.0000     44.117  9.295E-01  3.991E+01  2.334E-01  2.611E-01  2.175E-03  4.852E+00  2.245E-01
   18.0000     47.928  7.843E-01  3.631E+01  2.080E-01  2.190E-01  1.712E-03  4.072E+00  1.836E-01
   19.0000     53.051  5.981E-01  3.124E+01  1.733E-01  1.662E-01  1.180E-03  3.103E+00  1.334E-01
   20.0000     58.953  4.055E-01  2.524E+01  1.335E-01  1.129E-01  7.072E-04  2.137E+00  8.478E-02
   21.0000     65.178  2.388E-01  1.893E+01  9.390E-02  6.779E-02  3.674E-04  1.325E+00  4.617E-02
   22.0000     71.349  1.186E-01  1.300E+01  5.919E-02  3.564E-02  1.673E-04  7.389E-01  2.117E-02
   23.0000     77.139  4.815E-02  8.053E+00  3.262E-02  1.634E-02  6.931E-05  3.719E-01  8.177E-03

