    0.0000     82.440  1.540E-02  4.312E+00  1.461E-02  6.332E-03  2.662E-05  1.641E-01  2.703E-03
    1.0000     86.562  5.011E-03  2.014E+00  5.432E-03  2.305E-03  1.049E-05  6.714E-02  9.521E-04
    2.0000     89.498  1.906E-03  7.913E-01  1.793E-03  8.320E-04  4.135E-06  2.528E-02  3.743E-04
    3.0000     91.064  9.519E-04  3.475E-01  7.687E-04  3.863E-04  2.010E-06  1.144E-02  1.891E-04
    4.0000     91.157  9.049E-04  3.262E-01  7.233E-04  3.653E-04  1.905E-06  1.078E-02  1.799E-04
    5.0000     89.768  1.719E-03  7.046E-01  1.580E-03  7.424E-04  3.721E-06  2.253E-02  3.383E-04
    6.0000     86.992  4.405E-03  1.809E+00  4.745E-03  2.027E-03  9.335E-06  5.966E-02  8.425E-04
    7.0000     83.004  1.336E-02  3.965E+00  1.309E-02  5.615E-03  2.375E-05  1.479E-01  2.368E-03
    8.0000     78.037  4.068E-02  7.364E+00  2.914E-02  1.419E-02  5.965E-05  3.291E-01  6.898E-03
    9.0000     72.354  1.035E-01  1.209E+01  5.413E-02  3.159E-02  1.452E-04  6.635E-01  1.826E-02
   10.0000     66.247  2.147E-01  1.788E+01  8.754E-02  6.135E-02  3.241E-04  1.209E+00  4.094E-02
   11.0000     60.033  3.737E-01  2.415E+01  1.265E-01  1.042E-01  6.372E-04  1.981E+00  7.714E-02
   12.0000     54.081  5.627E-01  3.022E+01  1.663E-01  1.563E-01  1.087E-03  2.923E+00  1.242E-01
   13.0000     48.829  7.509E-01  3.545E+01  2.020E-01  2.095E-01  1.611E-03  3.896E+00  1.744E-01
   14.0000     44.797  9.037E-01  3.929E+01  2.290E-01  2.535E-01  2.089E-03  4.712E+00  2.171E-01
   15.0000     42.520  9.914E-01  4.138E+01  2.439E-01  2.792E-01  2.384E-03  5.191E+00  2.423E-01
   16.0000     42.374  9.970E-01  4.152E+01  2.448E-01  2.808E-01  2.404E-03  5.223E+00  2.439E-01
   17.0000     44.387  9.194E-01  3.967E+01  2.317E-01  2.581E-01  2.141E-03  4.798E+00  2.216E-01
   18.0000     48.217  7.734E-01  3.604E+01  2.062E-01  2.159E-01  1.679E-03  4.016E+00  1.806E-01
   19.0000     53.338  5.882E-01  3.097E+01  1.714E-01  1.634E-01  1.153E-03  3.053E+00  1.308E-01
   20.0000     59.223  3.975E-01  2.497E+01  1.318E-01  1.107E-01  6.894E-04  2.098E+00  8.286E-02
   21.0000     65.421  2.333E-01  1.870E+01  9.247E-02  6.631E-02  3.573E-04  1.298E+00  4.496E-02
   22.0000     71.558  1.154E-01  1.281E+01  5.814E-02  3.478E-02  1.626E-04  7.230E-01  2.055E-02
   23.0000     77.308  4.669E-02  7.924E+00  3.196E-02  1.592E-02  6.742E-05  3.637E-01  7.926E-03
