    0.0000     79.963  2.747E-02  5.968E+00  2.227E-02  1.024E-02  4.265E-05  2.485E-01  4.684E-03
    1.0000     83.751  1.102E-02  3.527E+00  1.122E-02  4.762E-03  2.036E-05  1.282E-01  1.982E-03
    2.0000     86.535  5.061E-03  2.031E+00  5.487E-03  2.327E-03  1.058E-05  6.774E-02  9.611E-04
    3.0000     88.145  3.071E-03  1.302E+00  3.172E-03  1.395E-03  6.650E-06  4.198E-02  5.958E-04
    4.0000     88.478  2.748E-03  1.167E+00  2.785E-03  1.239E-03  5.967E-06  3.745E-02  5.349E-04
    5.0000     87.513  3.760E-03  1.574E+00  3.991E-03  1.724E-03  8.063E-06  5.132E-02  7.241E-04
    6.0000     85.312  7.199E-03  2.655E+00  7.739E-03  3.255E-03  1.435E-05  9.170E-02  1.337E-03
    7.0000     82.012  1.714E-02  4.591E+00  1.585E-02  6.929E-03  2.902E-05  1.775E-01  2.989E-03
    8.0000     77.807  4.260E-02  7.553E+00  3.007E-02  1.475E-02  6.213E-05  3.404E-01  7.224E-03
    9.0000     72.930  9.558E-02  1.160E+01  5.140E-02  2.945E-02  1.338E-04  6.236E-01  1.676E-02
   10.0000     67.645  1.855E-01  1.654E+01  7.953E-02  5.355E-02  2.737E-04  1.067E+00  3.472E-02
   11.0000     62.244  3.128E-01  2.193E+01  1.124E-01  8.768E-02  5.095E-04  1.684E+00  6.281E-02
   12.0000     57.055  4.653E-01  2.724E+01  1.465E-01  1.293E-01  8.445E-04  2.434E+00  9.944E-02
   13.0000     52.453  6.204E-01  3.192E+01  1.777E-01  1.725E-01  1.239E-03  3.218E+00  1.392E-01
   14.0000     48.856  7.513E-01  3.548E+01  2.022E-01  2.096E-01  1.611E-03  3.898E+00  1.744E-01
   15.0000     46.672  8.334E-01  3.759E+01  2.170E-01  2.331E-01  1.862E-03  4.333E+00  1.971E-01
   16.0000     46.199  8.516E-01  3.804E+01  2.201E-01  2.384E-01  1.920E-03  4.431E+00  2.023E-01
   17.0000     47.508  8.018E-01  3.679E+01  2.113E-01  2.241E-01  1.764E-03  4.165E+00  1.884E-01
   18.0000     50.408  6.940E-01  3.395E+01  1.917E-01  1.932E-01  1.444E-03  3.598E+00  1.589E-01
   19.0000     54.532  5.483E-01  2.981E+01  1.636E-01  1.523E-01  1.049E-03  2.851E+00  1.205E-01
   20.0000     59.457  3.913E-01  2.478E+01  1.305E-01  1.090E-01  6.752E-04  2.068E+00  8.132E-02
   21.0000     64.784  2.486E-01  1.937E+01  9.650E-02  7.042E-02  3.853E-04  1.373E+00  4.831E-02
   22.0000     70.161  1.383E-01  1.413E+01  6.555E-02  4.095E-02  1.974E-04  8.371E-01  2.506E-02
   23.0000     75.276  6.665E-02  9.579E+00  4.053E-02  2.154E-02  9.375E-05  4.733E-01  1.143E-02