    0.0000     79.863  2.806E-02  6.037E+00  2.260E-02  1.043E-02  4.341E-05  2.523E-01  4.782E-03
    1.0000     83.654  1.131E-02  3.583E+00  1.145E-02  4.868E-03  2.078E-05  1.307E-01  2.029E-03
    2.0000     86.440  5.203E-03  2.077E+00  5.645E-03  2.391E-03  1.084E-05  6.945E-02  9.866E-04
    3.0000     88.053  3.164E-03  1.340E+00  3.283E-03  1.440E-03  6.844E-06  4.327E-02  6.133E-04
    4.0000     88.390  2.831E-03  1.202E+00  2.884E-03  1.279E-03  6.142E-06  3.861E-02  5.505E-04
    5.0000     87.429  3.859E-03  1.612E+00  4.109E-03  1.772E-03  8.263E-06  5.264E-02  7.426E-04
    6.0000     85.231  7.364E-03  2.698E+00  7.902E-03  3.324E-03  1.463E-05  9.341E-02  1.365E-03
    7.0000     81.934  1.747E-02  4.640E+00  1.607E-02  7.038E-03  2.946E-05  1.799E-01  3.042E-03
    8.0000     77.730  4.321E-02  7.610E+00  3.036E-02  1.492E-02  6.292E-05  3.439E-01  7.328E-03
    9.0000     72.855  9.660E-02  1.166E+01  5.176E-02  2.972E-02  1.352E-04  6.287E-01  1.695E-02
   10.0000     67.569  1.870E-01  1.661E+01  7.995E-02  5.395E-02  2.762E-04  1.075E+00  3.504E-02
   11.0000     62.165  3.148E-01  2.201E+01  1.129E-01  8.823E-02  5.136E-04  1.694E+00  6.328E-02
   12.0000     56.971  4.678E-01  2.732E+01  1.470E-01  1.300E-01  8.507E-04  2.446E+00  1.001E-01
   13.0000     52.364  6.233E-01  3.200E+01  1.783E-01  1.733E-01  1.247E-03  3.233E+00  1.400E-01
   14.0000     48.759  7.547E-01  3.557E+01  2.028E-01  2.105E-01  1.622E-03  3.916E+00  1.754E-01
   15.0000     46.568  8.373E-01  3.768E+01  2.176E-01  2.343E-01  1.875E-03  4.354E+00  1.983E-01
   16.0000     46.090  8.555E-01  3.814E+01  2.208E-01  2.395E-01  1.932E-03  4.452E+00  2.034E-01
   17.0000     47.397  8.058E-01  3.689E+01  2.120E-01  2.252E-01  1.777E-03  4.186E+00  1.895E-01
   18.0000     50.298  6.978E-01  3.405E+01  1.924E-01  1.943E-01  1.455E-03  3.618E+00  1.599E-01
   19.0000     54.424  5.518E-01  2.992E+01  1.643E-01  1.533E-01  1.058E-03  2.868E+00  1.214E-01
   20.0000     59.352  3.943E-01  2.488E+01  1.311E-01  1.098E-01  6.819E-04  2.083E+00  8.205E-02
   21.0000     64.683  2.509E-01  1.946E+01  9.710E-02  7.105E-02  3.897E-04  1.384E+00  4.884E-02
   22.0000     70.062  1.400E-01  1.422E+01  6.607E-02  4.139E-02  2.000E-04  8.453E-01  2.540E-02
   23.0000     75.180  6.769E-02  9.657E+00  4.094E-02  2.183E-02  9.515E-05  4.789E-01  1.162E-02