    0.0000     79.529  3.011E-02  6.269E+00  2.373E-02  1.105E-02  4.605E-05  2.652E-01  5.121E-03
    1.0000     83.375  1.215E-02  3.745E+00  1.214E-02  5.179E-03  2.202E-05  1.379E-01  2.169E-03
    2.0000     86.215  5.552E-03  2.186E+00  6.027E-03  2.547E-03  1.148E-05  7.354E-02  1.049E-03
    3.0000     87.879  3.344E-03  1.413E+00  3.498E-03  1.526E-03  7.216E-06  4.574E-02  6.469E-04
    4.0000     88.261  2.952E-03  1.253E+00  3.030E-03  1.338E-03  6.400E-06  4.033E-02  5.735E-04
    5.0000     87.335  3.969E-03  1.652E+00  4.238E-03  1.823E-03  8.480E-06  5.407E-02  7.627E-04
    6.0000     85.162  7.500E-03  2.732E+00  8.035E-03  3.380E-03  1.485E-05  9.480E-02  1.388E-03
    7.0000     81.876  1.770E-02  4.673E+00  1.622E-02  7.114E-03  2.977E-05  1.815E-01  3.079E-03
    8.0000     77.670  4.366E-02  7.649E+00  3.056E-02  1.505E-02  6.350E-05  3.464E-01  7.406E-03
    9.0000     72.777  9.758E-02  1.172E+01  5.209E-02  2.999E-02  1.366E-04  6.336E-01  1.714E-02
   10.0000     67.459  1.891E-01  1.670E+01  8.051E-02  5.450E-02  2.798E-04  1.085E+00  3.548E-02
   11.0000     62.006  3.187E-01  2.215E+01  1.138E-01  8.930E-02  5.218E-04  1.713E+00  6.421E-02
   12.0000     56.749  4.745E-01  2.752E+01  1.484E-01  1.318E-01  8.668E-04  2.480E+00  1.018E-01
   13.0000     52.065  6.334E-01  3.227E+01  1.802E-01  1.761E-01  1.275E-03  3.285E+00  1.427E-01
   14.0000     48.376  7.683E-01  3.591E+01  2.052E-01  2.144E-01  1.663E-03  3.988E+00  1.792E-01
   15.0000     46.103  8.542E-01  3.809E+01  2.205E-01  2.392E-01  1.929E-03  4.445E+00  2.031E-01
   16.0000     45.562  8.749E-01  3.860E+01  2.241E-01  2.452E-01  1.995E-03  4.557E+00  2.089E-01
   17.0000     46.833  8.264E-01  3.739E+01  2.156E-01  2.311E-01  1.841E-03  4.296E+00  1.953E-01
   18.0000     49.729  7.180E-01  3.458E+01  1.961E-01  2.001E-01  1.514E-03  3.723E+00  1.654E-01
   19.0000     53.874  5.701E-01  3.044E+01  1.678E-01  1.583E-01  1.106E-03  2.961E+00  1.261E-01
   20.0000     58.838  4.093E-01  2.538E+01  1.344E-01  1.139E-01  7.156E-04  2.156E+00  8.570E-02
   21.0000     64.213  2.620E-01  1.992E+01  9.990E-02  7.403E-02  4.106E-04  1.438E+00  5.131E-02
   22.0000     69.643  1.472E-01  1.460E+01  6.827E-02  4.332E-02  2.113E-04  8.806E-01  2.685E-02
   23.0000     74.814  7.174E-02  9.955E+00  4.253E-02  2.294E-02  1.006E-04  5.002E-01  1.235E-02
