    0.0000     79.727  2.888E-02  6.131E+00  2.305E-02  1.068E-02  4.446E-05  2.575E-01  4.917E-03
    1.0000     83.539  1.165E-02  3.649E+00  1.173E-02  4.994E-03  2.128E-05  1.336E-01  2.086E-03
    2.0000     86.344  5.349E-03  2.123E+00  5.806E-03  2.457E-03  1.111E-05  7.117E-02  1.013E-03
    3.0000     87.973  3.247E-03  1.373E+00  3.382E-03  1.480E-03  7.014E-06  4.440E-02  6.287E-04
    4.0000     88.321  2.896E-03  1.229E+00  2.962E-03  1.311E-03  6.280E-06  3.953E-02  5.628E-04
    5.0000     87.365  3.934E-03  1.640E+00  4.196E-03  1.807E-03  8.411E-06  5.361E-02  7.563E-04
    6.0000     85.169  7.489E-03  2.730E+00  8.025E-03  3.375E-03  1.483E-05  9.470E-02  1.387E-03
    7.0000     81.867  1.774E-02  4.681E+00  1.626E-02  7.130E-03  2.983E-05  1.819E-01  3.087E-03
    8.0000     77.654  4.382E-02  7.665E+00  3.064E-02  1.510E-02  6.371E-05  3.474E-01  7.433E-03
    9.0000     72.762  9.783E-02  1.174E+01  5.218E-02  3.006E-02  1.370E-04  6.350E-01  1.718E-02
   10.0000     67.455  1.892E-01  1.671E+01  8.056E-02  5.454E-02  2.800E-04  1.085E+00  3.551E-02
   11.0000     62.025  3.184E-01  2.214E+01  1.137E-01  8.920E-02  5.210E-04  1.711E+00  6.412E-02
   12.0000     56.799  4.731E-01  2.748E+01  1.481E-01  1.314E-01  8.633E-04  2.473E+00  1.014E-01
   13.0000     52.157  6.304E-01  3.219E+01  1.796E-01  1.753E-01  1.267E-03  3.269E+00  1.419E-01
   14.0000     48.519  7.631E-01  3.579E+01  2.044E-01  2.129E-01  1.647E-03  3.960E+00  1.777E-01
   15.0000     46.299  8.471E-01  3.792E+01  2.193E-01  2.371E-01  1.906E-03  4.407E+00  2.011E-01
   16.0000     45.805  8.660E-01  3.839E+01  2.225E-01  2.426E-01  1.966E-03  4.508E+00  2.064E-01
   17.0000     47.110  8.163E-01  3.714E+01  2.138E-01  2.282E-01  1.809E-03  4.242E+00  1.924E-01
   18.0000     50.023  7.075E-01  3.431E+01  1.942E-01  1.971E-01  1.483E-03  3.669E+00  1.625E-01
   19.0000     54.171  5.602E-01  3.016E+01  1.659E-01  1.556E-01  1.080E-03  2.911E+00  1.235E-01
   20.0000     59.125  4.009E-01  2.510E+01  1.326E-01  1.116E-01  6.966E-04  2.115E+00  8.365E-02
   21.0000     64.482  2.556E-01  1.965E+01  9.828E-02  7.231E-02  3.985E-04  1.407E+00  4.988E-02
   22.0000     69.888  1.430E-01  1.438E+01  6.697E-02  4.218E-02  2.046E-04  8.597E-01  2.599E-02
   23.0000     75.032  6.931E-02  9.776E+00  4.158E-02  2.227E-02  9.733E-05  4.874E-01  1.191E-02
