    0.0000     79.469  3.049E-02  6.311E+00  2.393E-02  1.116E-02  4.653E-05  2.676E-01  5.184E-03
    1.0000     83.367  1.217E-02  3.748E+00  1.216E-02  5.187E-03  2.205E-05  1.381E-01  2.173E-03
    2.0000     86.257  5.484E-03  2.165E+00  5.953E-03  2.517E-03  1.136E-05  7.274E-02  1.036E-03
    3.0000     87.965  3.252E-03  1.376E+00  3.388E-03  1.482E-03  7.025E-06  4.447E-02  6.296E-04
    4.0000     88.384  2.833E-03  1.203E+00  2.888E-03  1.281E-03  6.148E-06  3.866E-02  5.510E-04
    5.0000     87.484  3.789E-03  1.585E+00  4.026E-03  1.738E-03  8.121E-06  5.171E-02  7.295E-04
    6.0000     85.325  7.163E-03  2.644E+00  7.702E-03  3.240E-03  1.429E-05  9.130E-02  1.330E-03
    7.0000     82.041  1.700E-02  4.566E+00  1.574E-02  6.878E-03  2.882E-05  1.763E-01  2.965E-03
    8.0000     77.825  4.239E-02  7.529E+00  2.996E-02  1.468E-02  6.186E-05  3.391E-01  7.189E-03
    9.0000     72.909  9.574E-02  1.160E+01  5.143E-02  2.949E-02  1.340E-04  6.242E-01  1.679E-02
   10.0000     67.557  1.870E-01  1.660E+01  7.992E-02  5.395E-02  2.763E-04  1.075E+00  3.505E-02
   11.0000     62.060  3.172E-01  2.209E+01  1.134E-01  8.889E-02  5.187E-04  1.706E+00  6.386E-02
   12.0000     56.747  4.744E-01  2.752E+01  1.484E-01  1.318E-01  8.668E-04  2.479E+00  1.018E-01
   13.0000     51.998  6.357E-01  3.233E+01  1.806E-01  1.768E-01  1.281E-03  3.296E+00  1.433E-01
   14.0000     48.240  7.732E-01  3.603E+01  2.061E-01  2.158E-01  1.677E-03  4.013E+00  1.805E-01
   15.0000     45.901  8.617E-01  3.827E+01  2.218E-01  2.414E-01  1.953E-03  4.486E+00  2.052E-01
   16.0000     45.307  8.845E-01  3.883E+01  2.257E-01  2.479E-01  2.026E-03  4.608E+00  2.116E-01
   17.0000     46.549  8.370E-01  3.766E+01  2.175E-01  2.342E-01  1.874E-03  4.353E+00  1.982E-01
   18.0000     49.439  7.286E-01  3.486E+01  1.980E-01  2.031E-01  1.545E-03  3.779E+00  1.683E-01
   19.0000     53.601  5.794E-01  3.071E+01  1.697E-01  1.609E-01  1.130E-03  3.008E+00  1.285E-01
   20.0000     58.595  4.166E-01  2.563E+01  1.360E-01  1.159E-01  7.321E-04  2.192E+00  8.748E-02
   21.0000     64.010  2.670E-01  2.012E+01  1.011E-01  7.535E-02  4.199E-04  1.462E+00  5.241E-02
   22.0000     69.486  1.500E-01  1.475E+01  6.910E-02  4.406E-02  2.157E-04  8.941E-01  2.741E-02
   23.0000     74.708  7.295E-02  1.004E+01  4.300E-02  2.327E-02  1.023E-04  5.065E-01  1.257E-02

