    0.0000     79.716  2.895E-02  6.140E+00  2.309E-02  1.070E-02  4.456E-05  2.580E-01  4.929E-03
    1.0000     83.506  1.175E-02  3.669E+00  1.182E-02  5.032E-03  2.144E-05  1.345E-01  2.103E-03
    2.0000     86.295  5.429E-03  2.148E+00  5.893E-03  2.492E-03  1.126E-05  7.211E-02  1.027E-03
    3.0000     87.914  3.310E-03  1.399E+00  3.457E-03  1.510E-03  7.145E-06  4.527E-02  6.405E-04
    4.0000     88.260  2.956E-03  1.254E+00  3.034E-03  1.340E-03  6.406E-06  4.037E-02  5.741E-04
    5.0000     87.311  4.002E-03  1.665E+00  4.276E-03  1.839E-03  8.546E-06  5.450E-02  7.688E-04
    6.0000     85.127  7.578E-03  2.753E+00  8.113E-03  3.412E-03  1.498E-05  9.562E-02  1.402E-03
    7.0000     81.845  1.784E-02  4.696E+00  1.632E-02  7.163E-03  2.997E-05  1.826E-01  3.103E-03
    8.0000     77.657  4.380E-02  7.664E+00  3.064E-02  1.509E-02  6.369E-05  3.473E-01  7.430E-03
    9.0000     72.796  9.739E-02  1.171E+01  5.203E-02  2.994E-02  1.364E-04  6.328E-01  1.710E-02
   10.0000     67.522  1.879E-01  1.665E+01  8.020E-02  5.419E-02  2.778E-04  1.079E+00  3.523E-02
   11.0000     62.127  3.157E-01  2.204E+01  1.131E-01  8.848E-02  5.156E-04  1.698E+00  6.350E-02
   12.0000     56.939  4.687E-01  2.735E+01  1.472E-01  1.302E-01  8.529E-04  2.451E+00  1.003E-01
   13.0000     52.333  6.243E-01  3.202E+01  1.785E-01  1.735E-01  1.250E-03  3.238E+00  1.403E-01
   14.0000     48.726  7.558E-01  3.559E+01  2.030E-01  2.108E-01  1.625E-03  3.922E+00  1.757E-01
   15.0000     46.526  8.386E-01  3.771E+01  2.178E-01  2.346E-01  1.878E-03  4.361E+00  1.986E-01
   16.0000     46.036  8.574E-01  3.818E+01  2.211E-01  2.401E-01  1.939E-03  4.462E+00  2.039E-01
   17.0000     47.328  8.083E-01  3.695E+01  2.124E-01  2.259E-01  1.784E-03  4.199E+00  1.902E-01
   18.0000     50.213  7.008E-01  3.413E+01  1.929E-01  1.952E-01  1.464E-03  3.633E+00  1.607E-01
   19.0000     54.325  5.551E-01  3.001E+01  1.649E-01  1.542E-01  1.067E-03  2.885E+00  1.222E-01
   20.0000     59.241  3.975E-01  2.499E+01  1.318E-01  1.107E-01  6.891E-04  2.098E+00  8.283E-02
   21.0000     64.561  2.538E-01  1.958E+01  9.782E-02  7.182E-02  3.951E-04  1.398E+00  4.947E-02
   22.0000     69.931  1.422E-01  1.434E+01  6.675E-02  4.199E-02  2.035E-04  8.562E-01  2.584E-02
   23.0000     75.043  6.920E-02  9.769E+00  4.154E-02  2.224E-02  9.718E-05  4.868E-01  1.189E-02