    0.0000     79.663  2.927E-02  6.174E+00  2.327E-02  1.079E-02  4.496E-05  2.599E-01  4.982E-03
    1.0000     83.476  1.184E-02  3.686E+00  1.189E-02  5.064E-03  2.156E-05  1.352E-01  2.117E-03
    2.0000     86.280  5.449E-03  2.154E+00  5.915E-03  2.501E-03  1.129E-05  7.234E-02  1.030E-03
    3.0000     87.908  3.314E-03  1.401E+00  3.463E-03  1.512E-03  7.154E-06  4.533E-02  6.413E-04
    4.0000     88.255  2.959E-03  1.255E+00  3.038E-03  1.341E-03  6.413E-06  4.042E-02  5.747E-04
    5.0000     87.299  4.015E-03  1.669E+00  4.291E-03  1.845E-03  8.571E-06  5.466E-02  7.711E-04
    6.0000     85.101  7.630E-03  2.765E+00  8.163E-03  3.434E-03  1.507E-05  9.614E-02  1.411E-03
    7.0000     81.798  1.804E-02  4.725E+00  1.646E-02  7.228E-03  3.023E-05  1.840E-01  3.135E-03
    8.0000     77.583  4.440E-02  7.718E+00  3.091E-02  1.527E-02  6.446E-05  3.507E-01  7.532E-03
    9.0000     72.689  9.883E-02  1.180E+01  5.253E-02  3.033E-02  1.384E-04  6.400E-01  1.737E-02
   10.0000     67.379  1.908E-01  1.678E+01  8.098E-02  5.495E-02  2.826E-04  1.093E+00  3.583E-02
   11.0000     61.945  3.205E-01  2.222E+01  1.142E-01  8.976E-02  5.252E-04  1.721E+00  6.460E-02
   12.0000     56.716  4.756E-01  2.756E+01  1.486E-01  1.321E-01  8.696E-04  2.485E+00  1.020E-01
   13.0000     52.070  6.333E-01  3.227E+01  1.802E-01  1.761E-01  1.275E-03  3.284E+00  1.427E-01
   14.0000     48.428  7.663E-01  3.587E+01  2.049E-01  2.139E-01  1.657E-03  3.978E+00  1.786E-01
   15.0000     46.207  8.505E-01  3.800E+01  2.199E-01  2.381E-01  1.917E-03  4.425E+00  2.020E-01
   16.0000     45.714  8.693E-01  3.847E+01  2.231E-01  2.435E-01  1.977E-03  4.526E+00  2.073E-01
   17.0000     47.023  8.194E-01  3.722E+01  2.144E-01  2.291E-01  1.819E-03  4.259E+00  1.933E-01
   18.0000     49.942  7.104E-01  3.438E+01  1.947E-01  1.979E-01  1.492E-03  3.683E+00  1.633E-01
   19.0000     54.096  5.626E-01  3.023E+01  1.664E-01  1.563E-01  1.086E-03  2.923E+00  1.242E-01
   20.0000     59.055  4.029E-01  2.517E+01  1.330E-01  1.121E-01  7.011E-04  2.125E+00  8.413E-02
   21.0000     64.417  2.571E-01  1.971E+01  9.866E-02  7.271E-02  4.013E-04  1.414E+00  5.022E-02
   22.0000     69.827  1.440E-01  1.443E+01  6.728E-02  4.246E-02  2.062E-04  8.648E-01  2.620E-02
   23.0000     74.973  6.995E-02  9.823E+00  4.183E-02  2.245E-02  9.820E-05  4.908E-01  1.203E-02
