    0.0000     79.708  6.891E-07  8.290E-07  1.887E-03  9.718E-03  7.159E-02  2.663E-06  6.228E-06
    1.0000     83.532  3.018E-07  4.284E-07  1.003E-03  5.597E-03  3.981E-02  1.283E-06  3.278E-06
    2.0000     86.346  1.439E-07  2.237E-07  5.386E-04  2.471E-03  1.764E-02  6.203E-07  1.728E-06
    3.0000     87.979  8.559E-08  1.361E-07  3.371E-04  1.137E-03  8.805E-03  3.574E-07  1.051E-06
    4.0000     88.327  7.570E-08  1.203E-07  2.998E-04  9.398E-04  7.489E-03  3.124E-07  9.279E-07
    5.0000     87.368  1.050E-07  1.663E-07  4.073E-04  1.563E-03  1.160E-02  4.458E-07  1.285E-06
    6.0000     85.163  2.003E-07  3.012E-07  7.141E-04  3.727E-03  2.629E-02  8.656E-07  2.320E-06
    7.0000     81.849  4.424E-07  5.865E-07  1.360E-03  7.498E-03  5.417E-02  1.817E-06  4.450E-06
    8.0000     77.621  1.020E-06  1.107E-06  2.449E-03  1.161E-02  8.685E-02  3.667E-06  8.245E-06
    9.0000     72.713  2.274E-06  1.902E-06  3.849E-03  1.517E-02  1.165E-01  6.741E-06  1.394E-05
   10.0000     67.386  4.536E-06  2.890E-06  5.289E-03  1.793E-02  1.402E-01  1.086E-05  2.081E-05
   11.0000     61.935  7.880E-06  3.937E-06  6.580E-03  1.998E-02  1.580E-01  1.549E-05  2.781E-05
   12.0000     56.688  1.196E-05  4.914E-06  7.631E-03  2.146E-02  1.709E-01  1.997E-05  3.409E-05
   13.0000     52.024  1.612E-05  5.727E-06  8.418E-03  2.247E-02  1.798E-01  2.379E-05  3.913E-05
   14.0000     48.367  1.961E-05  6.318E-06  8.947E-03  2.311E-02  1.854E-01  2.661E-05  4.269E-05
   15.0000     46.137  2.180E-05  6.656E-06  9.235E-03  2.345E-02  1.884E-01  2.824E-05  4.470E-05
   16.0000     45.642  2.228E-05  6.729E-06  9.295E-03  2.352E-02  1.890E-01  2.859E-05  4.513E-05
   17.0000     46.957  2.099E-05  6.534E-06  9.131E-03  2.333E-02  1.873E-01  2.764E-05  4.398E-05
   18.0000     49.888  1.814E-05  6.077E-06  8.735E-03  2.286E-02  1.832E-01  2.545E-05  4.125E-05
   19.0000     54.058  1.425E-05  5.380E-06  8.090E-03  2.206E-02  1.761E-01  2.214E-05  3.700E-05
   20.0000     59.035  1.004E-05  4.483E-06  7.183E-03  2.085E-02  1.655E-01  1.797E-05  3.135E-05
   21.0000     64.415  6.234E-06  3.462E-06  6.017E-03  1.913E-02  1.505E-01  1.336E-05  2.466E-05
   22.0000     69.842  3.368E-06  2.425E-06  4.643E-03  1.677E-02  1.301E-01  8.887E-06  1.761E-05
   23.0000     75.004  1.598E-06  1.511E-06  3.196E-03  1.365E-02  1.038E-01  5.198E-06  1.116E-05
