    0.0000     79.529  7.137E-07  8.512E-07  1.933E-03  9.889E-03  7.296E-02  2.742E-06  6.390E-06
    1.0000     83.375  3.132E-07  4.420E-07  1.034E-03  5.778E-03  4.114E-02  1.328E-06  3.379E-06
    2.0000     86.215  1.494E-07  2.317E-07  5.565E-04  2.600E-03  1.851E-02  6.450E-07  1.789E-06
    3.0000     87.879  8.855E-08  1.407E-07  3.480E-04  1.199E-03  9.215E-03  3.709E-07  1.087E-06
    4.0000     88.261  7.749E-08  1.231E-07  3.066E-04  9.744E-04  7.722E-03  3.206E-07  9.504E-07
    5.0000     87.335  1.061E-07  1.679E-07  4.111E-04  1.588E-03  1.177E-02  4.507E-07  1.297E-06
    6.0000     85.162  2.003E-07  3.012E-07  7.141E-04  3.727E-03  2.629E-02  8.656E-07  2.320E-06
    7.0000     81.876  4.398E-07  5.836E-07  1.354E-03  7.467E-03  5.393E-02  1.807E-06  4.429E-06
    8.0000     77.670  1.010E-06  1.099E-06  2.435E-03  1.156E-02  8.649E-02  3.640E-06  8.193E-06
    9.0000     72.777  2.251E-06  1.890E-06  3.830E-03  1.512E-02  1.161E-01  6.694E-06  1.386E-05
   10.0000     67.459  4.498E-06  2.876E-06  5.269E-03  1.789E-02  1.398E-01  1.080E-05  2.071E-05
   11.0000     62.006  7.828E-06  3.923E-06  6.563E-03  1.996E-02  1.578E-01  1.542E-05  2.772E-05
   12.0000     56.749  1.190E-05  4.902E-06  7.618E-03  2.144E-02  1.707E-01  1.991E-05  3.401E-05
   13.0000     52.065  1.608E-05  5.719E-06  8.410E-03  2.246E-02  1.797E-01  2.375E-05  3.908E-05
   14.0000     48.376  1.960E-05  6.315E-06  8.944E-03  2.310E-02  1.854E-01  2.659E-05  4.268E-05
   15.0000     46.103  2.182E-05  6.660E-06  9.237E-03  2.345E-02  1.884E-01  2.825E-05  4.472E-05
   16.0000     45.562  2.236E-05  6.740E-06  9.303E-03  2.352E-02  1.890E-01  2.864E-05  4.518E-05
   17.0000     46.833  2.111E-05  6.551E-06  9.145E-03  2.334E-02  1.874E-01  2.773E-05  4.408E-05
   18.0000     49.729  1.829E-05  6.101E-06  8.756E-03  2.288E-02  1.834E-01  2.557E-05  4.140E-05
   19.0000     53.874  1.442E-05  5.410E-06  8.119E-03  2.209E-02  1.765E-01  2.229E-05  3.718E-05
   20.0000     58.838  1.019E-05  4.519E-06  7.221E-03  2.090E-02  1.660E-01  1.814E-05  3.158E-05
   21.0000     64.213  6.359E-06  3.500E-06  6.063E-03  1.920E-02  1.511E-01  1.353E-05  2.492E-05
   22.0000     69.643  3.454E-06  2.462E-06  4.696E-03  1.686E-02  1.310E-01  9.042E-06  1.786E-05
   23.0000     74.814  1.647E-06  1.542E-06  3.249E-03  1.378E-02  1.049E-01  5.318E-06  1.138E-05