    0.0000     79.469  7.219E-07  8.586E-07  1.949E-03  9.945E-03  7.340E-02  2.768E-06  6.444E-06
    1.0000     83.367  3.137E-07  4.426E-07  1.035E-03  5.785E-03  4.120E-02  1.330E-06  3.383E-06
    2.0000     86.257  1.476E-07  2.290E-07  5.506E-04  2.558E-03  1.822E-02  6.369E-07  1.769E-06
    3.0000     87.965  8.595E-08  1.366E-07  3.384E-04  1.144E-03  8.855E-03  3.591E-07  1.055E-06
    4.0000     88.384  7.413E-08  1.177E-07  2.938E-04  9.106E-04  7.290E-03  3.053E-07  9.084E-07
    5.0000     87.484  1.011E-07  1.602E-07  3.933E-04  1.473E-03  1.102E-02  4.279E-07  1.238E-06
    6.0000     85.325  1.917E-07  2.898E-07  6.881E-04  3.545E-03  2.501E-02  8.288E-07  2.233E-06
    7.0000     82.041  4.241E-07  5.668E-07  1.316E-03  7.284E-03  5.253E-02  1.750E-06  4.305E-06
    8.0000     77.825  9.809E-07  1.077E-06  2.391E-03  1.143E-02  8.539E-02  3.559E-06  8.032E-06
    9.0000     72.909  2.208E-06  1.867E-06  3.792E-03  1.504E-02  1.154E-01  6.598E-06  1.369E-05
   10.0000     67.557  4.446E-06  2.857E-06  5.243E-03  1.785E-02  1.394E-01  1.072E-05  2.058E-05
   11.0000     62.060  7.789E-06  3.912E-06  6.550E-03  1.993E-02  1.576E-01  1.537E-05  2.764E-05
   12.0000     56.747  1.190E-05  4.901E-06  7.617E-03  2.143E-02  1.707E-01  1.991E-05  3.401E-05
   13.0000     51.998  1.613E-05  5.729E-06  8.418E-03  2.246E-02  1.797E-01  2.380E-05  3.914E-05
   14.0000     48.240  1.972E-05  6.335E-06  8.960E-03  2.312E-02  1.855E-01  2.669E-05  4.279E-05
   15.0000     45.901  2.202E-05  6.688E-06  9.260E-03  2.347E-02  1.886E-01  2.839E-05  4.488E-05
   16.0000     45.307  2.261E-05  6.775E-06  9.332E-03  2.355E-02  1.893E-01  2.881E-05  4.539E-05
   17.0000     46.549  2.138E-05  6.592E-06  9.179E-03  2.338E-02  1.878E-01  2.793E-05  4.432E-05
   18.0000     49.439  1.856E-05  6.146E-06  8.795E-03  2.292E-02  1.838E-01  2.578E-05  4.167E-05
   19.0000     53.601  1.466E-05  5.456E-06  8.162E-03  2.214E-02  1.769E-01  2.251E-05  3.747E-05
   20.0000     58.595  1.039E-05  4.563E-06  7.267E-03  2.096E-02  1.665E-01  1.834E-05  3.186E-05
   21.0000     64.010  6.486E-06  3.538E-06  6.109E-03  1.927E-02  1.517E-01  1.370E-05  2.517E-05
   22.0000     69.486  3.522E-06  2.490E-06  4.737E-03  1.694E-02  1.316E-01  9.163E-06  1.806E-05
   23.0000     74.708  1.675E-06  1.559E-06  3.279E-03  1.385E-02  1.055E-01  5.384E-06  1.150E-05
