    0.0000     79.963  6.558E-07  7.985E-07  1.823E-03  9.477E-03  6.966E-02  2.554E-06  6.006E-06
    1.0000     83.751  2.866E-07  4.104E-07  9.622E-04  5.350E-03  3.798E-02  1.223E-06  3.143E-06
    2.0000     86.535  1.362E-07  2.127E-07  5.134E-04  2.290E-03  1.642E-02  5.861E-07  1.643E-06
    3.0000     88.145  8.085E-08  1.285E-07  3.194E-04  1.040E-03  8.160E-03  3.358E-07  9.920E-07
    4.0000     88.478  7.172E-08  1.138E-07  2.845E-04  8.655E-04  6.983E-03  2.942E-07  8.780E-07
    5.0000     87.513  1.002E-07  1.589E-07  3.904E-04  1.454E-03  1.089E-02  4.241E-07  1.228E-06
    6.0000     85.312  1.926E-07  2.911E-07  6.912E-04  3.564E-03  2.515E-02  8.329E-07  2.243E-06
    7.0000     82.012  4.274E-07  5.705E-07  1.325E-03  7.327E-03  5.285E-02  1.762E-06  4.332E-06
    8.0000     77.807  9.863E-07  1.081E-06  2.400E-03  1.146E-02  8.563E-02  3.573E-06  8.062E-06
    9.0000     72.930  2.203E-06  1.865E-06  3.791E-03  1.505E-02  1.155E-01  6.591E-06  1.368E-05
   10.0000     67.645  4.407E-06  2.844E-06  5.228E-03  1.783E-02  1.393E-01  1.066E-05  2.049E-05
   11.0000     62.244  7.671E-06  3.882E-06  6.519E-03  1.990E-02  1.573E-01  1.524E-05  2.745E-05
   12.0000     57.055  1.166E-05  4.852E-06  7.571E-03  2.139E-02  1.703E-01  1.968E-05  3.370E-05
   13.0000     52.453  1.573E-05  5.660E-06  8.359E-03  2.241E-02  1.792E-01  2.347E-05  3.873E-05
   14.0000     48.856  1.915E-05  6.247E-06  8.889E-03  2.305E-02  1.849E-01  2.626E-05  4.228E-05
   15.0000     46.672  2.129E-05  6.583E-06  9.177E-03  2.339E-02  1.879E-01  2.788E-05  4.427E-05
   16.0000     46.199  2.176E-05  6.654E-06  9.236E-03  2.346E-02  1.885E-01  2.822E-05  4.469E-05
   17.0000     47.508  2.047E-05  6.456E-06  9.069E-03  2.327E-02  1.868E-01  2.727E-05  4.352E-05
   18.0000     50.408  1.766E-05  5.999E-06  8.668E-03  2.279E-02  1.826E-01  2.508E-05  4.079E-05
   19.0000     54.532  1.384E-05  5.302E-06  8.018E-03  2.198E-02  1.754E-01  2.178E-05  3.652E-05
   20.0000     59.457  9.721E-06  4.409E-06  7.106E-03  2.075E-02  1.647E-01  1.763E-05  3.087E-05
   21.0000     64.784  6.012E-06  3.394E-06  5.936E-03  1.901E-02  1.495E-01  1.306E-05  2.421E-05
   22.0000     70.161  3.235E-06  2.368E-06  4.562E-03  1.662E-02  1.289E-01  8.647E-06  1.721E-05
   23.0000     75.276  1.530E-06  1.468E-06  3.121E-03  1.347E-02  1.022E-01  5.032E-06  1.085E-05

