    0.0000     79.863  6.688E-07  8.105E-07  1.848E-03  9.574E-03  7.043E-02  2.597E-06  6.093E-06
    1.0000     83.654  2.934E-07  4.184E-07  9.806E-04  5.461E-03  3.880E-02  1.250E-06  3.203E-06
    2.0000     86.440  1.401E-07  2.182E-07  5.261E-04  2.381E-03  1.703E-02  6.033E-07  1.686E-06
    3.0000     88.053  8.347E-08  1.327E-07  3.292E-04  1.093E-03  8.514E-03  3.478E-07  1.024E-06
    4.0000     88.390  7.405E-08  1.176E-07  2.935E-04  9.084E-04  7.277E-03  3.048E-07  9.073E-07
    5.0000     87.429  1.030E-07  1.632E-07  4.004E-04  1.517E-03  1.130E-02  4.368E-07  1.261E-06
    6.0000     85.231  1.968E-07  2.967E-07  7.038E-04  3.654E-03  2.578E-02  8.509E-07  2.285E-06
    7.0000     81.934  4.347E-07  5.783E-07  1.342E-03  7.411E-03  5.350E-02  1.789E-06  4.390E-06
    8.0000     77.730  1.000E-06  1.092E-06  2.420E-03  1.152E-02  8.614E-02  3.612E-06  8.139E-06
    9.0000     72.855  2.228E-06  1.879E-06  3.812E-03  1.509E-02  1.159E-01  6.647E-06  1.378E-05
   10.0000     67.569  4.445E-06  2.858E-06  5.246E-03  1.786E-02  1.396E-01  1.072E-05  2.059E-05
   11.0000     62.165  7.724E-06  3.896E-06  6.535E-03  1.992E-02  1.575E-01  1.530E-05  2.754E-05
   12.0000     56.971  1.173E-05  4.866E-06  7.585E-03  2.140E-02  1.704E-01  1.974E-05  3.379E-05
   13.0000     52.364  1.581E-05  5.674E-06  8.371E-03  2.242E-02  1.793E-01  2.353E-05  3.881E-05
   14.0000     48.759  1.924E-05  6.261E-06  8.900E-03  2.306E-02  1.850E-01  2.633E-05  4.236E-05
   15.0000     46.568  2.139E-05  6.597E-06  9.188E-03  2.340E-02  1.880E-01  2.795E-05  4.435E-05
   16.0000     46.090  2.186E-05  6.668E-06  9.247E-03  2.347E-02  1.886E-01  2.829E-05  4.477E-05
   17.0000     47.397  2.057E-05  6.472E-06  9.081E-03  2.328E-02  1.869E-01  2.734E-05  4.361E-05
   18.0000     50.298  1.776E-05  6.015E-06  8.682E-03  2.280E-02  1.827E-01  2.516E-05  4.088E-05
   19.0000     54.424  1.394E-05  5.320E-06  8.035E-03  2.199E-02  1.756E-01  2.186E-05  3.663E-05
   20.0000     59.352  9.800E-06  4.427E-06  7.125E-03  2.077E-02  1.649E-01  1.772E-05  3.099E-05
   21.0000     64.683  6.073E-06  3.413E-06  5.959E-03  1.904E-02  1.498E-01  1.314E-05  2.434E-05
   22.0000     70.062  3.276E-06  2.386E-06  4.587E-03  1.667E-02  1.293E-01  8.722E-06  1.733E-05
   23.0000     75.180  1.554E-06  1.484E-06  3.147E-03  1.354E-02  1.028E-01  5.090E-06  1.096E-05