    0.0000     79.716  6.883E-07  8.284E-07  1.886E-03  9.715E-03  7.156E-02  2.660E-06  6.224E-06
    1.0000     83.506  3.038E-07  4.309E-07  1.009E-03  5.630E-03  4.005E-02  1.291E-06  3.296E-06
    2.0000     86.295  1.461E-07  2.270E-07  5.459E-04  2.523E-03  1.799E-02  6.303E-07  1.753E-06
    3.0000     87.914  8.758E-08  1.392E-07  3.445E-04  1.178E-03  9.078E-03  3.665E-07  1.075E-06
    4.0000     88.260  7.758E-08  1.233E-07  3.070E-04  9.757E-04  7.731E-03  3.209E-07  9.514E-07
    5.0000     87.311  1.070E-07  1.693E-07  4.144E-04  1.608E-03  1.190E-02  4.549E-07  1.308E-06
    6.0000     85.127  2.023E-07  3.039E-07  7.202E-04  3.769E-03  2.658E-02  8.742E-07  2.340E-06
    7.0000     81.845  4.431E-07  5.872E-07  1.362E-03  7.506E-03  5.423E-02  1.819E-06  4.455E-06
    8.0000     77.657  1.013E-06  1.102E-06  2.440E-03  1.158E-02  8.664E-02  3.650E-06  8.212E-06
    9.0000     72.796  2.246E-06  1.888E-06  3.828E-03  1.512E-02  1.161E-01  6.683E-06  1.384E-05
   10.0000     67.522  4.468E-06  2.866E-06  5.257E-03  1.788E-02  1.397E-01  1.076E-05  2.064E-05
   11.0000     62.127  7.749E-06  3.903E-06  6.541E-03  1.993E-02  1.575E-01  1.533E-05  2.758E-05
   12.0000     56.939  1.175E-05  4.871E-06  7.589E-03  2.141E-02  1.704E-01  1.976E-05  3.382E-05
   13.0000     52.333  1.584E-05  5.677E-06  8.374E-03  2.242E-02  1.793E-01  2.355E-05  3.883E-05
   14.0000     48.726  1.927E-05  6.265E-06  8.902E-03  2.306E-02  1.850E-01  2.635E-05  4.238E-05
   15.0000     46.526  2.142E-05  6.602E-06  9.191E-03  2.340E-02  1.880E-01  2.797E-05  4.438E-05
   16.0000     46.036  2.191E-05  6.675E-06  9.251E-03  2.347E-02  1.886E-01  2.832E-05  4.481E-05
   17.0000     47.328  2.063E-05  6.481E-06  9.088E-03  2.328E-02  1.869E-01  2.739E-05  4.366E-05
   18.0000     50.213  1.784E-05  6.027E-06  8.692E-03  2.281E-02  1.828E-01  2.521E-05  4.096E-05
   19.0000     54.325  1.402E-05  5.336E-06  8.049E-03  2.201E-02  1.757E-01  2.194E-05  3.673E-05
   20.0000     59.241  9.885E-06  4.447E-06  7.146E-03  2.080E-02  1.651E-01  1.781E-05  3.112E-05
   21.0000     64.561  6.146E-06  3.435E-06  5.986E-03  1.908E-02  1.501E-01  1.324E-05  2.449E-05
   22.0000     69.931  3.331E-06  2.409E-06  4.621E-03  1.673E-02  1.298E-01  8.821E-06  1.750E-05
   23.0000     75.043  1.589E-06  1.506E-06  3.186E-03  1.363E-02  1.036E-01  5.176E-06  1.112E-05
