    0.0000     79.727  6.867E-07  8.269E-07  1.882E-03  9.702E-03  7.146E-02  2.655E-06  6.213E-06
    1.0000     83.539  3.014E-07  4.280E-07  1.002E-03  5.591E-03  3.976E-02  1.281E-06  3.274E-06
    2.0000     86.344  1.440E-07  2.239E-07  5.389E-04  2.473E-03  1.765E-02  6.208E-07  1.729E-06
    3.0000     87.973  8.580E-08  1.364E-07  3.379E-04  1.141E-03  8.832E-03  3.584E-07  1.053E-06
    4.0000     88.321  7.589E-08  1.206E-07  3.005E-04  9.434E-04  7.513E-03  3.132E-07  9.303E-07
    5.0000     87.365  1.051E-07  1.664E-07  4.077E-04  1.565E-03  1.162E-02  4.462E-07  1.286E-06
    6.0000     85.169  2.000E-07  3.009E-07  7.134E-04  3.721E-03  2.625E-02  8.645E-07  2.317E-06
    7.0000     81.867  4.409E-07  5.848E-07  1.357E-03  7.481E-03  5.404E-02  1.811E-06  4.438E-06
    8.0000     77.654  1.014E-06  1.102E-06  2.440E-03  1.158E-02  8.664E-02  3.651E-06  8.214E-06
    9.0000     72.762  2.257E-06  1.894E-06  3.836E-03  1.514E-02  1.163E-01  6.708E-06  1.388E-05
   10.0000     67.455  4.502E-06  2.878E-06  5.273E-03  1.790E-02  1.399E-01  1.081E-05  2.072E-05
   11.0000     62.025  7.819E-06  3.921E-06  6.562E-03  1.996E-02  1.578E-01  1.541E-05  2.771E-05
   12.0000     56.799  1.187E-05  4.895E-06  7.613E-03  2.144E-02  1.707E-01  1.988E-05  3.397E-05
   13.0000     52.157  1.600E-05  5.706E-06  8.399E-03  2.245E-02  1.796E-01  2.368E-05  3.900E-05
   14.0000     48.519  1.947E-05  6.296E-06  8.928E-03  2.309E-02  1.853E-01  2.650E-05  4.256E-05
   15.0000     46.299  2.164E-05  6.634E-06  9.217E-03  2.343E-02  1.882E-01  2.813E-05  4.457E-05
   16.0000     45.805  2.213E-05  6.707E-06  9.278E-03  2.350E-02  1.888E-01  2.848E-05  4.500E-05
   17.0000     47.110  2.084E-05  6.512E-06  9.114E-03  2.331E-02  1.872E-01  2.754E-05  4.385E-05
   18.0000     50.023  1.801E-05  6.057E-06  8.718E-03  2.284E-02  1.830E-01  2.535E-05  4.113E-05
   19.0000     54.171  1.416E-05  5.361E-06  8.073E-03  2.204E-02  1.760E-01  2.206E-05  3.688E-05
   20.0000     59.125  9.973E-06  4.468E-06  7.167E-03  2.083E-02  1.654E-01  1.790E-05  3.125E-05
   21.0000     64.482  6.194E-06  3.449E-06  6.003E-03  1.910E-02  1.503E-01  1.331E-05  2.458E-05
   22.0000     69.888  3.349E-06  2.417E-06  4.632E-03  1.675E-02  1.300E-01  8.853E-06  1.755E-05
   23.0000     75.032  1.591E-06  1.507E-06  3.188E-03  1.364E-02  1.036E-01  5.182E-06  1.113E-05