Spectral actinic flux, quanta cm-2 s-1 nm-1
values at z =      0.500 km
Columns: wavelength (nm), times (hrs.) or sza (deg.)
    wc, nm      0.000      1.000      2.000      3.000      4.000      5.000      6.000      7.000      8.000      9.000     10.000     11.000     12.000     13.000     14.000     15.000     16.000     17.000     18.000     19.000     20.000     21.000     22.000     23.000
    sza =      80.798     84.457     87.076     88.493     88.619     87.443     85.042     81.566     77.216     72.232     66.883     61.468     56.322     51.831     48.417     46.482     46.295     47.886     51.024     55.325     60.364     65.746     71.124     76.195
  120.7000  0.000E+00  0.000E+00  0.000E+00  0.000E+00  0.000E+00  0.000E+00  0.000E+00  0.000E+00  0.000E+00  0.000E+00  0.000E+00  0.000E+00  0.000E+00  0.000E+00  0.000E+00  0.000E+00  0.000E+00  0.000E+00  0.000E+00  0.000E+00  0.000E+00  0.000E+00  0.000E+00  0.000E+00
  121.6500  0.000E+00  0.000E+00  0.000E+00  0.000E+00  0.000E+00  0.000E+00  0.000E+00  0.000E+00  0.000E+00  0.000E+00  0.000E+00  0.000E+00  0.000E+00  0.000E+00  0.000E+00  0.000E+00  0.000E+00  0.000E+00  0.000E+00  0.000E+00  0.000E+00  0.000E+00  0.000E+00  0.000E+00
  122.1000  0.000E+00  0.000E+00  0.000E+00  0.000E+00  0.000E+00  0.000E+00  0.000E+00  0.000E+00  0.000E+00  0.000E+00  0.000E+00  0.000E+00  0.000E+00  0.000E+00  0.000E+00  0.000E+00  0.000E+00  0.000E+00  0.000E+00  0.000E+00  0.000E+00  0.000E+00  0.000E+00  0.000E+00
  122.7000  0.000E+00  0.000E+00  0.000E+00  0.000E+00  0.000E+00  0.000E+00  0.000E+00  0.000E+00  0.000E+00  0.000E+00  0.000E+00  0.000E+00  0.000E+00  0.000E+00  0.000E+00  0.000E+00  0.000E+00  0.000E+00  0.000E+00  0.000E+00  0.000E+00  0.000E+00  0.000E+00  0.000E+00
  123.4500  0.000E+00  0.000E+00  0.000E+00  0.000E+00  0.000E+00  0.000E+00  0.000E+00  0.000E+00  0.000E+00  0.000E+00  0.000E+00  0.000E+00  0.000E+00  0.000E+00  0.000E+00  0.000E+00  0.000E+00  0.000E+00  0.000E+00  0.000E+00  0.000E+00  0.000E+00  0.000E+00  0.000E+00
  124.2000  0.000E+00  0.000E+00  0.000E+00  0.000E+00  0.000E+00  0.000E+00  0.000E+00  0.000E+00  0.000E+00  0.000E+00  0.000E+00  0.000E+00  0.000E+00  0.000E+00  0.000E+00  0.000E+00  0.000E+00  0.000E+00  0.000E+00  0.000E+00  0.000E+00  0.000E+00  0.000E+00  0.000E+00
  125.0000  0.000E+00  0.000E+00  0.000E+00  0.000E+00  0.000E+00  0.000E+00  0.000E+00  0.000E+00  0.000E+00  0.000E+00  0.000E+00  0.000E+00  0.000E+00  0.000E+00  0.000E+00  0.000E+00  0.000E+00  0.000E+00  0.000E+00  0.000E+00  0.000E+00  0.000E+00  0.000E+00  0.000E+00
  125.8000  0.000E+00  0.000E+00  0.000E+00  0.000E+00  0.000E+00  0.000E+00  0.000E+00  0.000E+00  0.000E+00  0.000E+00  0.000E+00  0.000E+00  0.000E+00  0.000E+00  0.000E+00  0.000E+00  0.000E+00  0.000E+00  0.000E+00  0.000E+00  0.000E+00  0.000E+00  0.000E+00  0.000E+00
  126.6000  0.000E+00  0.000E+00  0.000E+00  0.000E+00  0.000E+00  0.000E+00  0.000E+00  0.000E+00  0.000E+00  0.000E+00  0.000E+00  0.000E+00  0.000E+00  0.000E+00  0.000E+00  0.000E+00  0.000E+00  0.000E+00  0.000E+00  0.000E+00  0.000E+00  0.000E+00  0.000E+00  0.000E+00
  127.8000  0.000E+00  0.000E+00  0.000E+00  0.000E+00  0.000E+00  0.000E+00  0.000E+00  0.000E+00  0.000E+00  0.000E+00  0.000E+00  0.000E+00  0.000E+00  0.000E+00  0.000E+00  0.000E+00  0.000E+00  0.000E+00  0.000E+00  0.000E+00  0.000E+00  0.000E+00  0.000E+00  0.000E+00
  129.0000  0.000E+00  0.000E+00  0.000E+00  0.000E+00  0.000E+00  0.000E+00  0.000E+00  0.000E+00  0.000E+00  0.000E+00  0.000E+00  0.000E+00  0.000E+00  0.000E+00  0.000E+00  0.000E+00  0.000E+00  0.000E+00  0.000E+00  0.000E+00  0.000E+00  0.000E+00  0.000E+00  0.000E+00
  129.8500  0.000E+00  0.000E+00  0.000E+00  0.000E+00  0.000E+00  0.000E+00  0.000E+00  0.000E+00  0.000E+00  0.000E+00  0.000E+00  0.000E+00  0.000E+00  0.000E+00  0.000E+00  0.000E+00  0.000E+00  0.000E+00  0.000E+00  0.000E+00  0.000E+00  0.000E+00  0.000E+00  0.000E+00
  131.1500  0.000E+00  0.000E+00  0.000E+00  0.000E+00  0.000E+00  0.000E+00  0.000E+00  0.000E+00  0.000E+00  0.000E+00  0.000E+00  0.000E+00  0.000E+00  0.000E+00  0.000E+00  0.000E+00  0.000E+00  0.000E+00  0.000E+00  0.000E+00  0.000E+00  0.000E+00  0.000E+00  0.000E+00
  133.5000  0.000E+00  0.000E+00  0.000E+00  0.000E+00  0.000E+00  0.000E+00  0.000E+00  0.000E+00  0.000E+00  0.000E+00  0.000E+00  0.000E+00  0.000E+00  0.000E+00  0.000E+00  0.000E+00  0.000E+00  0.000E+00  0.000E+00  0.000E+00  0.000E+00  0.000E+00  0.000E+00  0.000E+00
  136.0000  0.000E+00  0.000E+00  0.000E+00  0.000E+00  0.000E+00  0.000E+00  0.000E+00  0.000E+00  0.000E+00  0.000E+00  0.000E+00  0.000E+00  0.000E+00  0.000E+00  0.000E+00  0.000E+00  0.000E+00  0.000E+00  0.000E+00  0.000E+00  0.000E+00  0.000E+00  0.000E+00  0.000E+00
  141.0000  0.000E+00  0.000E+00  0.000E+00  0.000E+00  0.000E+00  0.000E+00  0.000E+00  0.000E+00  0.000E+00  0.000E+00  0.000E+00  0.000E+00  0.000E+00  0.000E+00  0.000E+00  0.000E+00  0.000E+00  0.000E+00  0.000E+00  0.000E+00  0.000E+00  0.000E+00  0.000E+00  0.000E+00
  150.0000  0.000E+00  0.000E+00  0.000E+00  0.000E+00  0.000E+00  0.000E+00  0.000E+00  0.000E+00  0.000E+00  0.000E+00  0.000E+00  0.000E+00  0.000E+00  0.000E+00  0.000E+00  0.000E+00  0.000E+00  0.000E+00  0.000E+00  0.000E+00  0.000E+00  0.000E+00  0.000E+00  0.000E+00
  160.0000  0.000E+00  0.000E+00  0.000E+00  0.000E+00  0.000E+00  0.000E+00  0.000E+00  0.000E+00  0.000E+00  0.000E+00  0.000E+00  0.000E+00  0.000E+00  0.000E+00  0.000E+00  0.000E+00  0.000E+00  0.000E+00  0.000E+00  0.000E+00  0.000E+00  0.000E+00  0.000E+00  0.000E+00
  167.5000  0.000E+00  0.000E+00  0.000E+00  0.000E+00  0.000E+00  0.000E+00  0.000E+00  0.000E+00  0.000E+00  0.000E+00  0.000E+00  0.000E+00  0.000E+00  0.000E+00  0.000E+00  0.000E+00  0.000E+00  0.000E+00  0.000E+00  0.000E+00  0.000E+00  0.000E+00  0.000E+00  0.000E+00
  172.2000  0.000E+00  0.000E+00  0.000E+00  0.000E+00  0.000E+00  0.000E+00  0.000E+00  0.000E+00  0.000E+00  0.000E+00  0.000E+00  0.000E+00  0.000E+00  0.000E+00  0.000E+00  0.000E+00  0.000E+00  0.000E+00  0.000E+00  0.000E+00  0.000E+00  0.000E+00  0.000E+00  0.000E+00
  175.7000  0.000E+00  0.000E+00  0.000E+00  0.000E+00  0.000E+00  0.000E+00  0.000E+00  0.000E+00  0.000E+00  0.000E+00  0.000E+00  0.000E+00  0.000E+00  0.000E+00  0.000E+00  0.000E+00  0.000E+00  0.000E+00  0.000E+00  0.000E+00  0.000E+00  0.000E+00  0.000E+00  0.000E+00
  177.8000  0.000E+00  0.000E+00  0.000E+00  0.000E+00  0.000E+00  0.000E+00  0.000E+00  0.000E+00  0.000E+00  0.000E+00  0.000E+00  0.000E+00  0.000E+00  0.000E+00  0.000E+00  0.000E+00  0.000E+00  0.000E+00  0.000E+00  0.000E+00  0.000E+00  0.000E+00  0.000E+00  0.000E+00
  179.4000  0.000E+00  0.000E+00  0.000E+00  0.000E+00  0.000E+00  0.000E+00  0.000E+00  0.000E+00  0.000E+00  0.000E+00  0.000E+00  0.000E+00  0.000E+00  0.000E+00  0.000E+00  0.000E+00  0.000E+00  0.000E+00  0.000E+00  0.000E+00  0.000E+00  0.000E+00  0.000E+00  0.000E+00
  181.0000  0.000E+00  0.000E+00  0.000E+00  0.000E+00  0.000E+00  0.000E+00  0.000E+00  0.000E+00  0.000E+00  0.000E+00  0.000E+00  0.000E+00  0.000E+00  0.000E+00  0.000E+00  0.000E+00  0.000E+00  0.000E+00  0.000E+00  0.000E+00  0.000E+00  0.000E+00  0.000E+00  0.000E+00
  182.6500  0.000E+00  0.000E+00  0.000E+00  0.000E+00  0.000E+00  0.000E+00  0.000E+00  0.000E+00  0.000E+00  0.000E+00  0.000E+00  0.000E+00  0.000E+00  0.000E+00  0.000E+00  0.000E+00  0.000E+00  0.000E+00  0.000E+00  0.000E+00  0.000E+00  0.000E+00  0.000E+00  0.000E+00
  184.3500  0.000E+00  0.000E+00  0.000E+00  0.000E+00  0.000E+00  0.000E+00  0.000E+00  0.000E+00  0.000E+00  0.000E+00  0.000E+00  0.000E+00  0.000E+00  0.000E+00  0.000E+00  0.000E+00  0.000E+00  0.000E+00  0.000E+00  0.000E+00  0.000E+00  0.000E+00  0.000E+00  0.000E+00
  186.0500  0.000E+00  0.000E+00  0.000E+00  0.000E+00  0.000E+00  0.000E+00  0.000E+00  0.000E+00  0.000E+00  0.000E+00  0.000E+00  0.000E+00  0.000E+00  0.000E+00  0.000E+00  0.000E+00  0.000E+00  0.000E+00  0.000E+00  0.000E+00  0.000E+00  0.000E+00  0.000E+00  0.000E+00
  187.8000  0.000E+00  0.000E+00  0.000E+00  0.000E+00  0.000E+00  0.000E+00  0.000E+00  0.000E+00  0.000E+00  0.000E+00  0.000E+00  0.000E+00  0.000E+00  0.000E+00  0.000E+00  0.000E+00  0.000E+00  0.000E+00  0.000E+00  0.000E+00  0.000E+00  0.000E+00  0.000E+00  0.000E+00
  189.6000  0.000E+00  0.000E+00  0.000E+00  0.000E+00  0.000E+00  0.000E+00  0.000E+00  0.000E+00  0.000E+00  0.000E+00  0.000E+00  0.000E+00  0.000E+00  0.000E+00  0.000E+00  0.000E+00  0.000E+00  0.000E+00  0.000E+00  0.000E+00  0.000E+00  0.000E+00  0.000E+00  0.000E+00
  191.4000  0.000E+00  0.000E+00  0.000E+00  0.000E+00  0.000E+00  0.000E+00  0.000E+00  0.000E+00  0.000E+00  0.000E+00  0.000E+00  0.000E+00  0.000E+00  0.000E+00  0.000E+00  0.000E+00  0.000E+00  0.000E+00  0.000E+00  0.000E+00  0.000E+00  0.000E+00  0.000E+00  0.000E+00
  193.2500  0.000E+00  0.000E+00  0.000E+00  0.000E+00  0.000E+00  0.000E+00  0.000E+00  0.000E+00  0.000E+00  0.000E+00  0.000E+00  0.000E+00  0.000E+00  0.000E+00  0.000E+00  0.000E+00  0.000E+00  0.000E+00  0.000E+00  0.000E+00  0.000E+00  0.000E+00  0.000E+00  0.000E+00
  195.1500  0.000E+00  0.000E+00  0.000E+00  0.000E+00  0.000E+00  0.000E+00  0.000E+00  0.000E+00  0.000E+00  0.000E+00  0.000E+00  0.000E+00  0.000E+00  0.000E+00  0.000E+00  0.000E+00  0.000E+00  0.000E+00  0.000E+00  0.000E+00  0.000E+00  0.000E+00  0.000E+00  0.000E+00
  197.0500  0.000E+00  0.000E+00  0.000E+00  0.000E+00  0.000E+00  0.000E+00  0.000E+00  0.000E+00  0.000E+00  0.000E+00  0.000E+00  0.000E+00  0.000E+00  0.000E+00  0.000E+00  0.000E+00  0.000E+00  0.000E+00  0.000E+00  0.000E+00  0.000E+00  0.000E+00  0.000E+00  0.000E+00
  199.0000  0.000E+00  0.000E+00  0.000E+00  0.000E+00  0.000E+00  0.000E+00  0.000E+00  0.000E+00  0.000E+00  0.000E+00  0.000E+00  0.000E+00  0.000E+00  0.000E+00  0.000E+00  0.000E+00  0.000E+00  0.000E+00  0.000E+00  0.000E+00  0.000E+00  0.000E+00  0.000E+00  0.000E+00
  201.0000  0.000E+00  0.000E+00  0.000E+00  0.000E+00  0.000E+00  0.000E+00  0.000E+00  0.000E+00  0.000E+00  0.000E+00  0.000E+00  0.000E+00  0.000E+00  0.000E+00  0.000E+00  0.000E+00  0.000E+00  0.000E+00  0.000E+00  0.000E+00  0.000E+00  0.000E+00  0.000E+00  0.000E+00
  203.0500  0.000E+00  0.000E+00  0.000E+00  0.000E+00  0.000E+00  0.000E+00  0.000E+00  0.000E+00  0.000E+00  0.000E+00  0.000E+00  0.000E+00  0.000E+00  0.000E+00  0.000E+00  0.000E+00  0.000E+00  0.000E+00  0.000E+00  0.000E+00  0.000E+00  0.000E+00  0.000E+00  0.000E+00
  204.9500  0.000E+00  0.000E+00  0.000E+00  0.000E+00  0.000E+00  0.000E+00  0.000E+00  0.000E+00  0.000E+00  0.000E+00  0.000E+00  0.000E+00  0.000E+00  0.000E+00  0.000E+00  0.000E+00  0.000E+00  0.000E+00  0.000E+00  0.000E+00  0.000E+00  0.000E+00  0.000E+00  0.000E+00
  207.0665  0.000E+00  0.000E+00  0.000E+00  0.000E+00  0.000E+00  0.000E+00  0.000E+00  0.000E+00  0.000E+00  0.000E+00  0.000E+00  0.000E+00  0.000E+00  0.000E+00  0.000E+00  0.000E+00  0.000E+00  0.000E+00  0.000E+00  0.000E+00  0.000E+00  0.000E+00  0.000E+00  0.000E+00
  209.4295  0.000E+00  0.000E+00  0.000E+00  0.000E+00  0.000E+00  0.000E+00  0.000E+00  0.000E+00  0.000E+00  0.000E+00  0.000E+00  0.000E+00  0.000E+00  0.000E+00  0.000E+00  0.000E+00  0.000E+00  0.000E+00  0.000E+00  0.000E+00  0.000E+00  0.000E+00  0.000E+00  0.000E+00
  211.6460  0.000E+00  0.000E+00  0.000E+00  0.000E+00  0.000E+00  0.000E+00  0.000E+00  0.000E+00  0.000E+00  0.000E+00  0.000E+00  0.000E+00  0.000E+00  0.000E+00  0.000E+00  0.000E+00  0.000E+00  0.000E+00  0.000E+00  0.000E+00  0.000E+00  0.000E+00  0.000E+00  0.000E+00
  213.9100  0.000E+00  0.000E+00  0.000E+00  0.000E+00  0.000E+00  0.000E+00  0.000E+00  0.000E+00  0.000E+00  0.000E+00  0.000E+00  0.000E+00  0.000E+00  0.000E+00  0.000E+00  0.000E+00  0.000E+00  0.000E+00  0.000E+00  0.000E+00  0.000E+00  0.000E+00  0.000E+00  0.000E+00
  216.2225  0.000E+00  0.000E+00  0.000E+00  0.000E+00  0.000E+00  0.000E+00  0.000E+00  0.000E+00  0.000E+00  0.000E+00  0.000E+00  0.000E+00  0.000E+00  0.000E+00  0.000E+00  0.000E+00  0.000E+00  0.000E+00  0.000E+00  0.000E+00  0.000E+00  0.000E+00  0.000E+00  0.000E+00
  218.5855  0.000E+00  0.000E+00  0.000E+00  0.000E+00  0.000E+00  0.000E+00  0.000E+00  0.000E+00  0.000E+00  0.000E+00  0.000E+00  0.000E+00  0.000E+00  0.000E+00  0.000E+00  0.000E+00  0.000E+00  0.000E+00  0.000E+00  0.000E+00  0.000E+00  0.000E+00  0.000E+00  0.000E+00
  221.0010  0.000E+00  0.000E+00  0.000E+00  0.000E+00  0.000E+00  0.000E+00  0.000E+00  0.000E+00  0.000E+00  0.000E+00  0.000E+00  0.000E+00  0.000E+00  0.000E+00  0.000E+00  0.000E+00  0.000E+00  0.000E+00  0.000E+00  0.000E+00  0.000E+00  0.000E+00  0.000E+00  0.000E+00
  223.4705  0.000E+00  0.000E+00  0.000E+00  0.000E+00  0.000E+00  0.000E+00  0.000E+00  0.000E+00  0.000E+00  0.000E+00  0.000E+00  0.000E+00  0.000E+00  0.000E+00  0.000E+00  0.000E+00  0.000E+00  0.000E+00  0.000E+00  0.000E+00  0.000E+00  0.000E+00  0.000E+00  0.000E+00
  225.9960  0.000E+00  0.000E+00  0.000E+00  0.000E+00  0.000E+00  0.000E+00  0.000E+00  0.000E+00  0.000E+00  0.000E+00  0.000E+00  0.000E+00  0.000E+00  0.000E+00  0.000E+00  0.000E+00  0.000E+00  0.000E+00  0.000E+00  0.000E+00  0.000E+00  0.000E+00  0.000E+00  0.000E+00
  228.5790  0.000E+00  0.000E+00  0.000E+00  0.000E+00  0.000E+00  0.000E+00  0.000E+00  0.000E+00  0.000E+00  0.000E+00  0.000E+00  0.000E+00  0.000E+00  0.000E+00  0.000E+00  0.000E+00  0.000E+00  0.000E+00  0.000E+00  0.000E+00  0.000E+00  0.000E+00  0.000E+00  0.000E+00
  231.2215  0.000E+00  0.000E+00  0.000E+00  0.000E+00  0.000E+00  0.000E+00  0.000E+00  0.000E+00  0.000E+00  0.000E+00  0.000E+00  0.000E+00  0.000E+00  0.000E+00  0.000E+00  0.000E+00  0.000E+00  0.000E+00  0.000E+00  0.000E+00  0.000E+00  0.000E+00  0.000E+00  0.000E+00
  233.9260  0.000E+00  0.000E+00  0.000E+00  0.000E+00  0.000E+00  0.000E+00  0.000E+00  0.000E+00  0.000E+00  0.000E+00  0.000E+00  0.000E+00  0.000E+00  0.000E+00  0.000E+00  0.000E+00  0.000E+00  0.000E+00  0.000E+00  0.000E+00  0.000E+00  0.000E+00  0.000E+00  0.000E+00
  236.6945  0.000E+00  0.000E+00  0.000E+00  0.000E+00  0.000E+00  0.000E+00  0.000E+00  0.000E+00  0.000E+00  0.000E+00  0.000E+00  0.000E+00  0.000E+00  0.000E+00  0.000E+00  0.000E+00  0.000E+00  0.000E+00  0.000E+00  0.000E+00  0.000E+00  0.000E+00  0.000E+00  0.000E+00
  239.5295  0.000E+00  0.000E+00  0.000E+00  0.000E+00  0.000E+00  0.000E+00  0.000E+00  0.000E+00  0.000E+00  0.000E+00  0.000E+00  0.000E+00  0.000E+00  0.000E+00  0.000E+00  0.000E+00  0.000E+00  0.000E+00  0.000E+00  0.000E+00  0.000E+00  0.000E+00  0.000E+00  0.000E+00
  242.4330  0.000E+00  0.000E+00  0.000E+00  0.000E+00  0.000E+00  0.000E+00  0.000E+00  0.000E+00  0.000E+00  0.000E+00  0.000E+00  0.000E+00  0.000E+00  0.000E+00  0.000E+00  0.000E+00  0.000E+00  0.000E+00  0.000E+00  0.000E+00  0.000E+00  0.000E+00  0.000E+00  0.000E+00
  245.4080  0.000E+00  0.000E+00  0.000E+00  0.000E+00  0.000E+00  0.000E+00  0.000E+00  0.000E+00  0.000E+00  0.000E+00  0.000E+00  0.000E+00  0.000E+00  0.000E+00  0.000E+00  0.000E+00  0.000E+00  0.000E+00  0.000E+00  0.000E+00  0.000E+00  0.000E+00  0.000E+00  0.000E+00
  248.4570  0.000E+00  0.000E+00  0.000E+00  0.000E+00  0.000E+00  0.000E+00  0.000E+00  0.000E+00  0.000E+00  0.000E+00  0.000E+00  0.000E+00  0.000E+00  0.000E+00  0.000E+00  0.000E+00  0.000E+00  0.000E+00  0.000E+00  0.000E+00  0.000E+00  0.000E+00  0.000E+00  0.000E+00
  251.5825  0.000E+00  0.000E+00  0.000E+00  0.000E+00  0.000E+00  0.000E+00  0.000E+00  0.000E+00  0.000E+00  0.000E+00  0.000E+00  0.000E+00  0.000E+00  0.000E+00  0.000E+00  0.000E+00  0.000E+00  0.000E+00  0.000E+00  0.000E+00  0.000E+00  0.000E+00  0.000E+00  0.000E+00
  254.7875  0.000E+00  0.000E+00  0.000E+00  0.000E+00  0.000E+00  0.000E+00  0.000E+00  0.000E+00  0.000E+00  0.000E+00  0.000E+00  0.000E+00  0.000E+00  0.000E+00  0.000E+00  0.000E+00  0.000E+00  0.000E+00  0.000E+00  0.000E+00  0.000E+00  0.000E+00  0.000E+00  0.000E+00
  258.0750  0.000E+00  0.000E+00  0.000E+00  0.000E+00  0.000E+00  0.000E+00  0.000E+00  0.000E+00  0.000E+00  0.000E+00  0.000E+00  0.000E+00  0.000E+00  0.000E+00  0.000E+00  0.000E+00  0.000E+00  0.000E+00  0.000E+00  0.000E+00  0.000E+00  0.000E+00  0.000E+00  0.000E+00
  261.4490  0.000E+00  0.000E+00  0.000E+00  0.000E+00  0.000E+00  0.000E+00  0.000E+00  0.000E+00  0.000E+00  0.000E+00  0.000E+00  0.000E+00  0.000E+00  0.000E+00  0.000E+00  0.000E+00  0.000E+00  0.000E+00  0.000E+00  0.000E+00  0.000E+00  0.000E+00  0.000E+00  0.000E+00
  264.9125  0.000E+00  0.000E+00  0.000E+00  0.000E+00  0.000E+00  0.000E+00  0.000E+00  0.000E+00  0.000E+00  0.000E+00  0.000E+00  0.000E+00  0.000E+00  0.000E+00  0.000E+00  0.000E+00  0.000E+00  0.000E+00  0.000E+00  0.000E+00  0.000E+00  0.000E+00  0.000E+00  0.000E+00
  268.4685  0.000E+00  0.000E+00  0.000E+00  0.000E+00  0.000E+00  0.000E+00  0.000E+00  0.000E+00  0.000E+00  0.000E+00  0.000E+00  0.000E+00  0.000E+00  0.000E+00  0.000E+00  0.000E+00  0.000E+00  0.000E+00  0.000E+00  0.000E+00  0.000E+00  0.000E+00  0.000E+00  0.000E+00
  272.1215  0.000E+00  0.000E+00  0.000E+00  0.000E+00  0.000E+00  0.000E+00  0.000E+00  0.000E+00  0.000E+00  0.000E+00  0.000E+00  0.000E+00  0.000E+00  0.000E+00  0.000E+00  0.000E+00  0.000E+00  0.000E+00  0.000E+00  0.000E+00  0.000E+00  0.000E+00  0.000E+00  0.000E+00
  275.8755  0.000E+00  0.000E+00  0.000E+00  0.000E+00  0.000E+00  0.000E+00  0.000E+00  0.000E+00  0.000E+00  0.000E+00  0.000E+00  0.000E+00  0.000E+00  0.000E+00  0.000E+00  0.000E+00  0.000E+00  0.000E+00  0.000E+00  0.000E+00  0.000E+00  0.000E+00  0.000E+00  0.000E+00
  279.7340  0.000E+00  0.000E+00  0.000E+00  0.000E+00  0.000E+00  0.000E+00  0.000E+00  0.000E+00  0.000E+00  0.000E+00  0.000E+00  0.000E+00  0.000E+00  0.000E+00  0.000E+00  0.000E+00  0.000E+00  0.000E+00  0.000E+00  0.000E+00  0.000E+00  0.000E+00  0.000E+00  0.000E+00
  283.7020  0.000E+00  0.000E+00  0.000E+00  0.000E+00  0.000E+00  0.000E+00  0.000E+00  0.000E+00  0.000E+00  0.000E+00  0.000E+00  0.000E+00  0.000E+00  0.000E+00  0.000E+00  0.000E+00  0.000E+00  0.000E+00  0.000E+00  0.000E+00  0.000E+00  0.000E+00  0.000E+00  0.000E+00
  287.7845  0.000E+00  0.000E+00  0.000E+00  0.000E+00  0.000E+00  0.000E+00  0.000E+00  0.000E+00  0.000E+00  0.000E+00  0.000E+00  0.000E+00  0.000E+00  0.000E+00  0.000E+00  0.000E+00  0.000E+00  0.000E+00  0.000E+00  0.000E+00  0.000E+00  0.000E+00  0.000E+00  0.000E+00
  291.9865  8.664E+05  6.038E+05  4.278E+05  3.321E+05  3.236E+05  4.031E+05  5.641E+05  8.084E+05  1.168E+06  1.732E+06  2.695E+06  4.987E+06  1.457E+07  4.918E+07  1.197E+08  1.901E+08  1.984E+08  1.364E+08  6.112E+07  1.893E+07  5.977E+06  2.995E+06  1.890E+06  1.268E+06
  296.3090  1.451E+08  9.655E+07  6.646E+07  5.094E+07  4.958E+07  6.240E+07  8.958E+07  1.340E+08  2.060E+08  3.344E+08  6.773E+08  2.143E+09  7.131E+09  1.771E+10  3.173E+10  4.250E+10  4.365E+10  3.447E+10  2.049E+10  8.848E+09  2.790E+09  8.333E+08  3.767E+08  2.270E+08
  300.5000  3.307E+09  2.044E+09  1.339E+09  1.002E+09  9.738E+08  1.249E+09  1.875E+09  3.006E+09  5.160E+09  1.145E+10  3.750E+10  1.192E+11  2.868E+11  5.237E+11  7.620E+11  9.179E+11  9.336E+11  8.033E+11  5.755E+11  3.318E+11  1.467E+11  4.857E+10  1.436E+10  5.921E+09
  303.0000  1.980E+10  1.133E+10  7.097E+09  5.188E+09  5.030E+09  6.579E+09  1.029E+10  1.764E+10  3.607E+10  1.071E+11  3.541E+11  9.262E+11  1.844E+12  2.934E+12  3.911E+12  4.511E+12  4.570E+12  4.073E+12  3.154E+12  2.064E+12  1.092E+12  4.432E+11  1.392E+11  4.408E+10
  304.0000  2.735E+10  1.514E+10  9.333E+09  6.766E+09  6.556E+09  8.634E+09  1.370E+10  2.414E+10  5.315E+10  1.675E+11  5.318E+11  1.311E+12  2.488E+12  3.826E+12  4.994E+12  5.698E+12  5.767E+12  5.184E+12  4.092E+12  2.762E+12  1.528E+12  6.574E+11  2.165E+11  6.626E+10
  305.0000  5.266E+10  2.732E+10  1.639E+10  1.172E+10  1.134E+10  1.511E+10  2.456E+10  4.564E+10  1.128E+11  3.688E+11  1.092E+12  2.484E+12  4.426E+12  6.520E+12  8.285E+12  9.328E+12  9.429E+12  8.568E+12  6.926E+12  4.863E+12  2.852E+12  1.327E+12  4.724E+11  1.436E+11
  306.0000  6.415E+10  3.142E+10  1.843E+10  1.304E+10  1.260E+10  1.694E+10  2.808E+10  5.476E+10  1.464E+11  4.787E+11  1.342E+12  2.888E+12  4.941E+12  7.077E+12  8.838E+12  9.865E+12  9.964E+12  9.118E+12  7.485E+12  5.391E+12  3.285E+12  1.609E+12  6.072E+11  1.880E+11
  307.0000  1.136E+11  5.138E+10  2.916E+10  2.033E+10  1.963E+10  2.670E+10  4.551E+10  9.517E+10  2.750E+11  8.765E+11  2.296E+12  4.654E+12  7.619E+12  1.059E+13  1.299E+13  1.436E+13  1.450E+13  1.336E+13  1.115E+13  8.254E+12  5.238E+12  2.716E+12  1.097E+12  3.538E+11
  308.0000  1.880E+11  7.814E+10  4.254E+10  2.916E+10  2.812E+10  3.877E+10  6.843E+10  1.549E+11  4.690E+11  1.431E+12  3.499E+12  6.703E+12  1.054E+13  1.426E+13  1.718E+13  1.885E+13  1.901E+13  1.764E+13  1.494E+13  1.134E+13  7.471E+12  4.085E+12  1.765E+12  6.019E+11
  309.0000  2.417E+11  9.561E+10  5.051E+10  3.423E+10  3.297E+10  4.590E+10  8.307E+10  1.976E+11  6.085E+11  1.796E+12  4.218E+12  7.824E+12  1.202E+13  1.601E+13  1.912E+13  2.087E+13  2.104E+13  1.960E+13  1.674E+13  1.289E+13  8.673E+12  4.887E+12  2.196E+12  7.773E+11
  310.0000  3.712E+11  1.356E+11  6.663E+10  4.388E+10  4.217E+10  6.007E+10  1.157E+11  3.009E+11  9.202E+11  2.514E+12  5.440E+12  9.500E+12  1.399E+13  1.812E+13  2.126E+13  2.301E+13  2.318E+13  2.174E+13  1.887E+13  1.490E+13  1.042E+13  6.214E+12  3.011E+12  1.159E+12
  311.0000  7.619E+11  2.716E+11  1.289E+11  8.368E+10  8.033E+10  1.157E+11  2.299E+11  6.171E+11  1.861E+12  4.895E+12  1.027E+13  1.749E+13  2.530E+13  3.238E+13  3.771E+13  4.067E+13  4.095E+13  3.853E+13  3.365E+13  2.687E+13  1.911E+13  1.166E+13  5.832E+12  2.327E+12
  312.0000  9.175E+11  3.208E+11  1.444E+11  9.131E+10  8.748E+10  1.287E+11  2.688E+11  7.449E+11  2.168E+12  5.384E+12  1.076E+13  1.768E+13  2.494E+13  3.140E+13  3.620E+13  3.883E+13  3.908E+13  3.692E+13  3.254E+13  2.638E+13  1.920E+13  1.211E+13  6.343E+12  2.679E+12
  313.0000  1.397E+12  4.907E+11  2.104E+11  1.290E+11  1.233E+11  1.859E+11  4.080E+11  1.141E+12  3.159E+12  7.385E+12  1.405E+13  2.229E+13  3.071E+13  3.803E+13  4.341E+13  4.634E+13  4.662E+13  4.422E+13  3.932E+13  3.235E+13  2.407E+13  1.569E+13  8.602E+12  3.851E+12
  314.0000  1.726E+12  6.099E+11  2.569E+11  1.555E+11  1.484E+11  2.263E+11  5.060E+11  1.415E+12  3.840E+12  8.767E+12  1.637E+13  2.561E+13  3.493E+13  4.298E+13  4.885E+13  5.204E+13  5.234E+13  4.973E+13  4.439E+13  3.673E+13  2.759E+13  1.822E+13  1.017E+13  4.654E+12
  316.0000  2.846E+12  1.073E+12  4.380E+11  2.521E+11  2.395E+11  3.813E+11  8.912E+11  2.375E+12  5.819E+12  1.210E+13  2.103E+13  3.125E+13  4.115E+13  4.946E+13  5.540E+13  5.861E+13  5.891E+13  5.629E+13  5.089E+13  4.303E+13  3.338E+13  2.311E+13  1.379E+13  6.905E+12
  320.0000  6.227E+12  2.654E+12  1.133E+12  6.364E+11  6.021E+11  9.843E+11  2.242E+12  5.330E+12  1.150E+13  2.159E+13  3.464E+13  4.870E+13  6.168E+13  7.223E+13  7.962E+13  8.355E+13  8.392E+13  8.072E+13  7.402E+13  6.409E+13  5.154E+13  3.757E+13  2.411E+13  1.331E+13
  325.0000  1.228E+13  5.941E+12  2.827E+12  1.653E+12  1.567E+12  2.487E+12  5.141E+12  1.075E+13  2.081E+13  3.591E+13  5.428E+13  7.296E+13  8.956E+13  1.027E+14  1.117E+14  1.165E+14  1.169E+14  1.130E+14  1.049E+14  9.259E+13  7.663E+13  5.824E+13  3.961E+13  2.364E+13
  330.0000  1.883E+13  9.673E+12  4.920E+12  2.996E+12  2.850E+12  4.374E+12  8.482E+12  1.665E+13  3.077E+13  5.118E+13  7.509E+13  9.868E+13  1.192E+14  1.351E+14  1.460E+14  1.516E+14  1.522E+14  1.476E+14  1.378E+14  1.229E+14  1.033E+14  8.015E+13  5.606E+13  3.465E+13
  335.0000  2.064E+13  1.099E+13  5.849E+12  3.677E+12  3.508E+12  5.241E+12  9.720E+12  1.836E+13  3.304E+13  5.368E+13  7.724E+13  9.992E+13  1.193E+14  1.341E+14  1.442E+14  1.494E+14  1.499E+14  1.456E+14  1.366E+14  1.227E+14  1.043E+14  8.215E+13  5.857E+13  3.702E+13
  340.0000  2.427E+13  1.307E+13  7.081E+12  4.515E+12  4.314E+12  6.368E+12  1.159E+13  2.162E+13  3.860E+13  6.200E+13  8.831E+13  1.131E+14  1.340E+14  1.499E+14  1.606E+14  1.661E+14  1.666E+14  1.621E+14  1.525E+14  1.377E+14  1.178E+14  9.371E+13  6.754E+13  4.317E+13
  345.0000  2.534E+13  1.367E+13  7.462E+12  4.789E+12  4.579E+12  6.721E+12  1.214E+13  2.257E+13  4.023E+13  6.416E+13  9.066E+13  1.152E+14  1.357E+14  1.511E+14  1.614E+14  1.668E+14  1.673E+14  1.629E+14  1.537E+14  1.393E+14  1.199E+14  9.603E+13  6.975E+13  4.495E+13
  350.0000  2.750E+13  1.473E+13  8.020E+12  5.141E+12  4.914E+12  7.221E+12  1.307E+13  2.446E+13  4.380E+13  6.967E+13  9.783E+13  1.236E+14  1.449E+14  1.609E+14  1.715E+14  1.769E+14  1.774E+14  1.730E+14  1.635E+14  1.486E+14  1.285E+14  1.035E+14  7.556E+13  4.893E+13
  355.0000  3.039E+13  1.621E+13  8.827E+12  5.666E+12  5.416E+12  7.950E+12  1.438E+13  2.701E+13  4.844E+13  7.662E+13  1.069E+14  1.342E+14  1.566E+14  1.732E+14  1.842E+14  1.899E+14  1.904E+14  1.858E+14  1.759E+14  1.605E+14  1.393E+14  1.129E+14  8.323E+13  5.408E+13
  360.0000  2.895E+13  1.535E+13  8.342E+12  5.354E+12  5.119E+12  7.513E+12  1.361E+13  2.570E+13  4.619E+13  7.288E+13  1.008E+14  1.258E+14  1.461E+14  1.611E+14  1.710E+14  1.760E+14  1.765E+14  1.724E+14  1.635E+14  1.496E+14  1.304E+14  1.063E+14  7.897E+13  5.153E+13
  365.0000  3.832E+13  2.019E+13  1.094E+13  7.021E+12  6.712E+12  9.855E+12  1.788E+13  3.399E+13  6.118E+13  9.601E+13  1.319E+14  1.638E+14  1.893E+14  2.082E+14  2.205E+14  2.268E+14  2.274E+14  2.223E+14  2.112E+14  1.938E+14  1.696E+14  1.390E+14  1.038E+14  6.821E+13
  370.0000  4.145E+13  2.170E+13  1.172E+13  7.514E+12  7.183E+12  1.055E+13  1.919E+13  3.674E+13  6.620E+13  1.033E+14  1.411E+14  1.741E+14  2.005E+14  2.198E+14  2.324E+14  2.388E+14  2.394E+14  2.342E+14  2.229E+14  2.050E+14  1.802E+14  1.484E+14  1.116E+14  7.374E+13
  375.0000  3.895E+13  2.026E+13  1.090E+13  6.981E+12  6.672E+12  9.809E+12  1.790E+13  3.449E+13  6.218E+13  9.643E+13  1.309E+14  1.607E+14  1.843E+14  2.015E+14  2.127E+14  2.184E+14  2.189E+14  2.143E+14  2.043E+14  1.884E+14  1.662E+14  1.376E+14  1.040E+14  6.921E+13
  380.0000  4.657E+13  2.407E+13  1.289E+13  8.251E+12  7.886E+12  1.160E+13  2.124E+13  4.122E+13  7.427E+13  1.145E+14  1.545E+14  1.887E+14  2.156E+14  2.351E+14  2.477E+14  2.541E+14  2.547E+14  2.495E+14  2.382E+14  2.202E+14  1.949E+14  1.622E+14  1.234E+14  8.258E+13
  385.0000  3.651E+13  1.876E+13  9.999E+12  6.394E+12  6.111E+12  8.996E+12  1.653E+13  3.230E+13  5.814E+13  8.910E+13  1.194E+14  1.451E+14  1.652E+14  1.797E+14  1.891E+14  1.938E+14  1.943E+14  1.904E+14  1.820E+14  1.687E+14  1.498E+14  1.252E+14  9.584E+13  6.458E+13
  390.0000  4.957E+13  2.533E+13  1.343E+13  8.580E+12  8.199E+12  1.208E+13  2.228E+13  4.383E+13  7.878E+13  1.199E+14  1.598E+14  1.933E+14  2.192E+14  2.379E+14  2.499E+14  2.560E+14  2.566E+14  2.516E+14  2.409E+14  2.237E+14  1.993E+14  1.673E+14  1.289E+14  8.739E+13
  395.0000  3.996E+13  2.032E+13  1.071E+13  6.838E+12  6.534E+12  9.631E+12  1.784E+13  3.533E+13  6.336E+13  9.579E+13  1.269E+14  1.528E+14  1.727E+14  1.870E+14  1.962E+14  2.008E+14  2.013E+14  1.975E+14  1.893E+14  1.761E+14  1.574E+14  1.328E+14  1.028E+14  7.019E+13
  400.0000  7.708E+13  3.901E+13  2.045E+13  1.304E+13  1.246E+13  1.838E+13  3.420E+13  6.813E+13  1.218E+14  1.831E+14  2.410E+14  2.889E+14  3.256E+14  3.517E+14  3.685E+14  3.769E+14  3.777E+14  3.709E+14  3.559E+14  3.318E+14  2.974E+14  2.519E+14  1.962E+14  1.348E+14
  405.0000  8.160E+13  4.113E+13  2.142E+13  1.365E+13  1.304E+13  1.925E+13  3.601E+13  7.213E+13  1.286E+14  1.919E+14  2.512E+14  2.998E+14  3.368E+14  3.631E+14  3.799E+14  3.884E+14  3.892E+14  3.823E+14  3.673E+14  3.431E+14  3.084E+14  2.623E+14  2.054E+14  1.421E+14
  410.0000  8.732E+13  4.385E+13  2.269E+13  1.444E+13  1.380E+13  2.037E+13  3.833E+13  7.719E+13  1.371E+14  2.035E+14  2.646E+14  3.144E+14  3.523E+14  3.790E+14  3.961E+14  4.047E+14  4.055E+14  3.985E+14  3.833E+14  3.586E+14  3.232E+14  2.760E+14  2.173E+14  1.513E+14
  415.0000  9.438E+13  4.725E+13  2.429E+13  1.544E+13  1.475E+13  2.180E+13  4.124E+13  8.345E+13  1.476E+14  2.176E+14  2.814E+14  3.331E+14  3.721E+14  3.997E+14  4.172E+14  4.260E+14  4.268E+14  4.197E+14  4.040E+14  3.787E+14  3.422E+14  2.932E+14  2.321E+14  1.626E+14
  420.0000  9.873E+13  4.931E+13  2.516E+13  1.597E+13  1.526E+13  2.257E+13  4.297E+13  8.734E+13  1.538E+14  2.252E+14  2.898E+14  3.416E+14  3.807E+14  4.081E+14  4.255E+14  4.343E+14  4.351E+14  4.280E+14  4.125E+14  3.872E+14  3.507E+14  3.016E+14  2.399E+14  1.692E+14
  425.0000  9.757E+13  4.862E+13  2.462E+13  1.560E+13  1.490E+13  2.207E+13  4.230E+13  8.634E+13  1.513E+14  2.203E+14  2.819E+14  3.312E+14  3.681E+14  3.940E+14  4.104E+14  4.186E+14  4.193E+14  4.127E+14  3.981E+14  3.743E+14  3.398E+14  2.932E+14  2.343E+14  1.663E+14
  430.0000  9.319E+13  4.639E+13  2.331E+13  1.475E+13  1.409E+13  2.088E+13  4.030E+13  8.252E+13  1.439E+14  2.081E+14  2.650E+14  3.102E+14  3.439E+14  3.675E+14  3.824E+14  3.899E+14  3.906E+14  3.845E+14  3.712E+14  3.496E+14  3.181E+14  2.754E+14  2.211E+14  1.579E+14
  435.0000  1.119E+14  5.564E+13  2.774E+13  1.751E+13  1.673E+13  2.482E+13  4.827E+13  9.912E+13  1.719E+14  2.471E+14  3.132E+14  3.654E+14  4.042E+14  4.312E+14  4.483E+14  4.569E+14  4.576E+14  4.507E+14  4.355E+14  4.107E+14  3.745E+14  3.252E+14  2.622E+14  1.884E+14
  440.0000  1.188E+14  5.903E+13  2.918E+13  1.837E+13  1.754E+13  2.608E+13  5.113E+13  1.053E+14  1.818E+14  2.598E+14  3.278E+14  3.811E+14  4.207E+14  4.482E+14  4.656E+14  4.742E+14  4.750E+14  4.680E+14  4.526E+14  4.273E+14  3.904E+14  3.401E+14  2.752E+14  1.989E+14
  445.0000  1.317E+14  6.544E+13  3.208E+13  2.014E+13  1.923E+13  2.865E+13  5.661E+13  1.169E+14  2.006E+14  2.853E+14  3.580E+14  4.150E+14  4.571E+14  4.864E+14  5.048E+14  5.140E+14  5.148E+14  5.074E+14  4.910E+14  4.641E+14  4.249E+14  3.712E+14  3.016E+14  2.192E+14
  450.0000  1.446E+14  7.187E+13  3.496E+13  2.188E+13  2.090E+13  3.118E+13  6.211E+13  1.284E+14  2.191E+14  3.098E+14  3.871E+14  4.474E+14  4.918E+14  5.226E+14  5.419E+14  5.515E+14  5.524E+14  5.446E+14  5.274E+14  4.992E+14  4.578E+14  4.010E+14  3.278E+14  2.391E+14
  455.0000  1.458E+14  7.256E+13  3.501E+13  2.184E+13  2.086E+13  3.118E+13  6.263E+13  1.296E+14  2.200E+14  3.093E+14  3.849E+14  4.436E+14  4.867E+14  5.165E+14  5.352E+14  5.445E+14  5.453E+14  5.378E+14  5.212E+14  4.938E+14  4.537E+14  3.985E+14  3.269E+14  2.398E+14
  460.0000  1.539E+14  7.650E+13  3.651E+13  2.264E+13  2.161E+13  3.246E+13  6.593E+13  1.368E+14  2.313E+14  3.237E+14  4.015E+14  4.616E+14  5.057E+14  5.361E+14  5.552E+14  5.647E+14  5.655E+14  5.579E+14  5.409E+14  5.130E+14  4.720E+14  4.154E+14  3.418E+14  2.519E+14
  465.0000  1.568E+14  7.811E+13  3.701E+13  2.287E+13  2.183E+13  3.286E+13  6.726E+13  1.396E+14  2.345E+14  3.265E+14  4.031E+14  4.623E+14  5.055E+14  5.353E+14  5.539E+14  5.632E+14  5.640E+14  5.565E+14  5.400E+14  5.127E+14  4.725E+14  4.169E+14  3.441E+14  2.550E+14
  470.0000  1.604E+14  8.005E+13  3.762E+13  2.315E+13  2.209E+13  3.336E+13  6.887E+13  1.429E+14  2.387E+14  3.307E+14  4.068E+14  4.654E+14  5.080E+14  5.374E+14  5.557E+14  5.648E+14  5.656E+14  5.583E+14  5.420E+14  5.151E+14  4.754E+14  4.205E+14  3.482E+14  2.593E+14
  475.0000  1.666E+14  8.328E+13  3.881E+13  2.375E+13  2.266E+13  3.435E+13  7.158E+13  1.485E+14  2.469E+14  3.403E+14  4.173E+14  4.763E+14  5.191E+14  5.486E+14  5.669E+14  5.761E+14  5.769E+14  5.695E+14  5.532E+14  5.262E+14  4.864E+14  4.310E+14  3.580E+14  2.678E+14
  480.0000  1.744E+14  8.701E+13  4.002E+13  2.425E+13  2.312E+13  3.533E+13  7.466E+13  1.555E+14  2.578E+14  3.544E+14  4.336E+14  4.941E+14  5.380E+14  5.681E+14  5.870E+14  5.963E+14  5.971E+14  5.896E+14  5.728E+14  5.452E+14  5.044E+14  4.477E+14  3.726E+14  2.795E+14
  485.0000  1.624E+14  8.122E+13  3.706E+13  2.232E+13  2.128E+13  3.265E+13  6.964E+13  1.450E+14  2.391E+14  3.272E+14  3.990E+14  4.537E+14  4.934E+14  5.206E+14  5.375E+14  5.459E+14  5.467E+14  5.399E+14  5.248E+14  4.999E+14  4.631E+14  4.118E+14  3.437E+14  2.589E+14
  490.0000  1.738E+14  8.726E+13  3.959E+13  2.373E+13  2.262E+13  3.482E+13  7.480E+13  1.553E+14  2.546E+14  3.467E+14  4.214E+14  4.781E+14  5.191E+14  5.472E+14  5.647E+14  5.733E+14  5.741E+14  5.671E+14  5.516E+14  5.259E+14  4.878E+14  4.346E+14  3.639E+14  2.754E+14
  495.0000  1.811E+14  9.115E+13  4.103E+13  2.443E+13  2.327E+13  3.602E+13  7.809E+13  1.620E+14  2.643E+14  3.585E+14  4.345E+14  4.920E+14  5.336E+14  5.620E+14  5.797E+14  5.884E+14  5.892E+14  5.822E+14  5.664E+14  5.404E+14  5.019E+14  4.479E+14  3.760E+14  2.856E+14
  500.0000  1.752E+14  8.805E+13  3.914E+13  2.303E+13  2.192E+13  3.425E+13  7.532E+13  1.567E+14  2.552E+14  3.453E+14  4.179E+14  4.727E+14  5.123E+14  5.393E+14  5.561E+14  5.645E+14  5.652E+14  5.585E+14  5.435E+14  5.188E+14  4.821E+14  4.307E+14  3.621E+14  2.756E+14
  505.0000  1.796E+14  8.999E+13  3.941E+13  2.287E+13  2.174E+13  3.438E+13  7.685E+13  1.607E+14  2.615E+14  3.534E+14  4.273E+14  4.830E+14  5.232E+14  5.507E+14  5.678E+14  5.762E+14  5.770E+14  5.702E+14  5.550E+14  5.298E+14  4.925E+14  4.403E+14  3.705E+14  2.823E+14
  510.0000  1.827E+14  9.200E+13  4.013E+13  2.316E+13  2.201E+13  3.494E+13  7.857E+13  1.637E+14  2.647E+14  3.562E+14  4.293E+14  4.843E+14  5.239E+14  5.510E+14  5.678E+14  5.761E+14  5.768E+14  5.701E+14  5.552E+14  5.304E+14  4.937E+14  4.422E+14  3.731E+14  2.855E+14
  515.0000  1.730E+14  8.741E+13  3.790E+13  2.171E+13  2.062E+13  3.293E+13  7.464E+13  1.551E+14  2.497E+14  3.348E+14  4.025E+14  4.534E+14  4.900E+14  5.149E+14  5.304E+14  5.380E+14  5.387E+14  5.325E+14  5.188E+14  4.960E+14  4.620E+14  4.144E+14  3.505E+14  2.691E+14
  520.0000  1.809E+14  9.150E+13  3.935E+13  2.232E+13  2.118E+13  3.411E+13  7.809E+13  1.622E+14  2.603E+14  3.480E+14  4.177E+14  4.699E+14  5.074E+14  5.330E+14  5.488E+14  5.567E+14  5.574E+14  5.511E+14  5.369E+14  5.136E+14  4.788E+14  4.299E+14  3.642E+14  2.804E+14
  525.0000  1.830E+14  9.245E+13  3.927E+13  2.197E+13  2.083E+13  3.393E+13  7.880E+13  1.642E+14  2.633E+14  3.516E+14  4.216E+14  4.741E+14  5.118E+14  5.374E+14  5.534E+14  5.613E+14  5.620E+14  5.556E+14  5.414E+14  5.180E+14  4.830E+14  4.339E+14  3.679E+14  2.835E+14
  530.0000  1.934E+14  9.729E+13  4.072E+13  2.240E+13  2.121E+13  3.504E+13  8.277E+13  1.734E+14  2.783E+14  3.719E+14  4.458E+14  5.013E+14  5.411E+14  5.682E+14  5.850E+14  5.934E+14  5.941E+14  5.874E+14  5.724E+14  5.476E+14  5.107E+14  4.588E+14  3.890E+14  2.997E+14
  535.0000  1.900E+14  9.567E+13  3.973E+13  2.161E+13  2.044E+13  3.410E+13  8.135E+13  1.705E+14  2.729E+14  3.637E+14  4.355E+14  4.893E+14  5.278E+14  5.541E+14  5.704E+14  5.785E+14  5.792E+14  5.727E+14  5.582E+14  5.342E+14  4.984E+14  4.481E+14  3.804E+14  2.937E+14
  540.0000  1.938E+14  9.796E+13  4.051E+13  2.185E+13  2.066E+13  3.470E+13  8.331E+13  1.740E+14  2.774E+14  3.685E+14  4.405E+14  4.941E+14  5.326E+14  5.588E+14  5.751E+14  5.831E+14  5.838E+14  5.773E+14  5.629E+14  5.389E+14  5.032E+14  4.530E+14  3.853E+14  2.983E+14
  545.0000  1.989E+14  1.006E+14  4.125E+13  2.199E+13  2.076E+13  3.524E+13  8.547E+13  1.786E+14  2.842E+14  3.769E+14  4.501E+14  5.046E+14  5.437E+14  5.703E+14  5.868E+14  5.949E+14  5.957E+14  5.891E+14  5.744E+14  5.501E+14  5.139E+14  4.629E+14  3.941E+14  3.055E+14
  550.0000  2.021E+14  1.024E+14  4.175E+13  2.202E+13  2.077E+13  3.558E+13  8.701E+13  1.817E+14  2.883E+14  3.817E+14  4.551E+14  5.098E+14  5.489E+14  5.756E+14  5.921E+14  6.003E+14  6.011E+14  5.944E+14  5.797E+14  5.553E+14  5.190E+14  4.679E+14  3.988E+14  3.098E+14
  555.0000  2.037E+14  1.035E+14  4.191E+13  2.182E+13  2.056E+13  3.562E+13  8.792E+13  1.832E+14  2.897E+14  3.826E+14  4.554E+14  5.096E+14  5.483E+14  5.747E+14  5.910E+14  5.991E+14  5.999E+14  5.933E+14  5.788E+14  5.546E+14  5.187E+14  4.681E+14  3.996E+14  3.111E+14
  560.0000  1.993E+14  1.010E+14  4.049E+13  2.076E+13  1.953E+13  3.430E+13  8.574E+13  1.793E+14  2.836E+14  3.745E+14  4.457E+14  4.987E+14  5.366E+14  5.624E+14  5.785E+14  5.864E+14  5.871E+14  5.807E+14  5.664E+14  5.428E+14  5.077E+14  4.581E+14  3.911E+14  3.045E+14
  565.0000  2.001E+14  1.011E+14  4.009E+13  2.023E+13  1.900E+13  3.385E+13  8.571E+13  1.799E+14  2.848E+14  3.763E+14  4.479E+14  5.012E+14  5.394E+14  5.654E+14  5.815E+14  5.895E+14  5.902E+14  5.838E+14  5.694E+14  5.456E+14  5.102E+14  4.604E+14  3.930E+14  3.059E+14
  570.0000  2.004E+14  1.013E+14  3.987E+13  1.986E+13  1.863E+13  3.357E+13  8.581E+13  1.802E+14  2.851E+14  3.764E+14  4.478E+14  5.010E+14  5.391E+14  5.650E+14  5.811E+14  5.890E+14  5.897E+14  5.833E+14  5.690E+14  5.453E+14  5.100E+14  4.603E+14  3.931E+14  3.062E+14
  575.0000  2.065E+14  1.046E+14  4.104E+13  2.024E+13  1.897E+13  3.449E+13  8.864E+13  1.858E+14  2.932E+14  3.863E+14  4.590E+14  5.132E+14  5.519E+14  5.782E+14  5.946E+14  6.027E+14  6.034E+14  5.969E+14  5.823E+14  5.582E+14  5.223E+14  4.717E+14  4.033E+14  3.146E+14
  580.0000  2.083E+14  1.064E+14  4.191E+13  2.061E+13  1.931E+13  3.521E+13  9.029E+13  1.877E+14  2.942E+14  3.859E+14  4.574E+14  5.104E+14  5.483E+14  5.741E+14  5.901E+14  5.980E+14  5.987E+14  5.923E+14  5.781E+14  5.545E+14  5.194E+14  4.699E+14  4.027E+14  3.154E+14
  585.0000  2.139E+14  1.102E+14  4.360E+13  2.138E+13  2.002E+13  3.662E+13  9.363E+13  1.930E+14  3.004E+14  3.924E+14  4.637E+14  5.165E+14  5.542E+14  5.798E+14  5.957E+14  6.036E+14  6.043E+14  5.980E+14  5.838E+14  5.604E+14  5.254E+14  4.761E+14  4.091E+14  3.217E+14
  590.0000  2.101E+14  1.088E+14  4.309E+13  2.099E+13  1.964E+13  3.615E+13  9.253E+13  1.898E+14  2.941E+14  3.831E+14  4.519E+14  5.028E+14  5.391E+14  5.637E+14  5.790E+14  5.866E+14  5.873E+14  5.812E+14  5.676E+14  5.450E+14  5.114E+14  4.638E+14  3.992E+14  3.147E+14
  595.0000  2.155E+14  1.116E+14  4.393E+13  2.113E+13  1.975E+13  3.677E+13  9.485E+13  1.947E+14  3.016E+14  3.927E+14  4.632E+14  5.153E+14  5.524E+14  5.777E+14  5.934E+14  6.011E+14  6.018E+14  5.956E+14  5.816E+14  5.585E+14  5.241E+14  4.754E+14  4.092E+14  3.227E+14
  600.0000  2.107E+14  1.088E+14  4.252E+13  2.016E+13  1.882E+13  3.549E+13  9.244E+13  1.903E+14  2.951E+14  3.843E+14  4.535E+14  5.046E+14  5.411E+14  5.659E+14  5.813E+14  5.889E+14  5.896E+14  5.835E+14  5.697E+14  5.470E+14  5.132E+14  4.655E+14  4.005E+14  3.158E+14
  605.0000  2.165E+14  1.123E+14  4.393E+13  2.069E+13  1.929E+13  3.663E+13  9.549E+13  1.957E+14  3.024E+14  3.929E+14  4.629E+14  5.146E+14  5.515E+14  5.765E+14  5.921E+14  5.998E+14  6.005E+14  5.943E+14  5.804E+14  5.575E+14  5.233E+14  4.750E+14  4.093E+14  3.234E+14
  610.0000  2.205E+14  1.157E+14  4.572E+13  2.156E+13  2.011E+13  3.815E+13  9.863E+13  1.997E+14  3.059E+14  3.952E+14  4.640E+14  5.147E+14  5.508E+14  5.753E+14  5.905E+14  5.980E+14  5.987E+14  5.926E+14  5.791E+14  5.567E+14  5.232E+14  4.759E+14  4.114E+14  3.266E+14
  615.0000  2.225E+14  1.183E+14  4.725E+13  2.234E+13  2.083E+13  3.948E+13  1.010E+14  2.019E+14  3.063E+14  3.936E+14  4.603E+14  5.093E+14  5.442E+14  5.679E+14  5.826E+14  5.898E+14  5.905E+14  5.846E+14  5.715E+14  5.499E+14  5.176E+14  4.718E+14  4.092E+14  3.267E+14
  620.0000  2.324E+14  1.249E+14  5.036E+13  2.383E+13  2.222E+13  4.210E+13  1.069E+14  2.112E+14  3.179E+14  4.063E+14  4.737E+14  5.231E+14  5.582E+14  5.820E+14  5.967E+14  6.040E+14  6.047E+14  5.988E+14  5.857E+14  5.639E+14  5.314E+14  4.853E+14  4.221E+14  3.385E+14
  625.0000  2.333E+14  1.265E+14  5.143E+13  2.432E+13  2.267E+13  4.301E+13  1.085E+14  2.124E+14  3.174E+14  4.038E+14  4.695E+14  5.176E+14  5.517E+14  5.749E+14  5.892E+14  5.963E+14  5.969E+14  5.912E+14  5.784E+14  5.573E+14  5.257E+14  4.809E+14  4.193E+14  3.376E+14
  630.0000  2.398E+14  1.313E+14  5.384E+13  2.546E+13  2.373E+13  4.506E+13  1.129E+14  2.187E+14  3.245E+14  4.109E+14  4.764E+14  5.243E+14  5.582E+14  5.811E+14  5.954E+14  6.024E+14  6.030E+14  5.973E+14  5.847E+14  5.637E+14  5.323E+14  4.877E+14  4.263E+14  3.447E+14
  635.0000  2.446E+14  1.353E+14  5.601E+13  2.651E+13  2.470E+13  4.691E+13  1.166E+14  2.235E+14  3.291E+14  4.149E+14  4.796E+14  5.267E+14  5.601E+14  5.827E+14  5.967E+14  6.036E+14  6.042E+14  5.987E+14  5.862E+14  5.656E+14  5.347E+14  4.907E+14  4.300E+14  3.492E+14
  640.0000  2.485E+14  1.389E+14  5.803E+13  2.749E+13  2.561E+13  4.864E+13  1.199E+14  2.274E+14  3.323E+14  4.170E+14  4.805E+14  5.268E+14  5.595E+14  5.816E+14  5.953E+14  6.021E+14  6.027E+14  5.972E+14  5.851E+14  5.648E+14  5.345E+14  4.914E+14  4.320E+14  3.522E+14
  644.8000  2.532E+14  1.428E+14  6.019E+13  2.852E+13  2.657E+13  5.048E+13  1.235E+14  2.320E+14  3.368E+14  4.208E+14  4.837E+14  5.294E+14  5.617E+14  5.835E+14  5.970E+14  6.037E+14  6.043E+14  5.989E+14  5.869E+14  5.670E+14  5.371E+14  4.945E+14  4.357E+14  3.566E+14
  651.0500  2.572E+14  1.466E+14  6.236E+13  2.952E+13  2.749E+13  5.233E+13  1.271E+14  2.361E+14  3.401E+14  4.230E+14  4.848E+14  5.296E+14  5.612E+14  5.825E+14  5.957E+14  6.023E+14  6.028E+14  5.976E+14  5.858E+14  5.663E+14  5.371E+14  4.953E+14  4.376E+14  3.597E+14
  660.0000  2.540E+14  1.469E+14  6.336E+13  2.998E+13  2.789E+13  5.323E+13  1.278E+14  2.338E+14  3.332E+14  4.115E+14  4.697E+14  5.118E+14  5.414E+14  5.614E+14  5.738E+14  5.799E+14  5.805E+14  5.755E+14  5.645E+14  5.462E+14  5.188E+14  4.796E+14  4.253E+14  3.517E+14
  670.0000  2.724E+14  1.602E+14  7.014E+13  3.318E+13  3.085E+13  5.900E+13  1.398E+14  2.514E+14  3.541E+14  4.342E+14  4.934E+14  5.360E+14  5.660E+14  5.863E+14  5.988E+14  6.050E+14  6.055E+14  6.005E+14  5.894E+14  5.709E+14  5.431E+14  5.034E+14  4.482E+14  3.731E+14
  680.0000  2.784E+14  1.660E+14  7.373E+13  3.483E+13  3.235E+13  6.208E+13  1.453E+14  2.575E+14  3.589E+14  4.373E+14  4.949E+14  5.364E+14  5.655E+14  5.851E+14  5.973E+14  6.033E+14  6.038E+14  5.990E+14  5.882E+14  5.702E+14  5.433E+14  5.047E+14  4.510E+14  3.776E+14
  690.0000  2.845E+14  1.718E+14  7.725E+13  3.642E+13  3.379E+13  6.511E+13  1.509E+14  2.637E+14  3.642E+14  4.413E+14  4.976E+14  5.381E+14  5.666E+14  5.857E+14  5.976E+14  6.034E+14  6.039E+14  5.992E+14  5.887E+14  5.712E+14  5.449E+14  5.072E+14  4.546E+14  3.826E+14
  700.0000  2.897E+14  1.772E+14  8.068E+13  3.798E+13  3.521E+13  6.807E+13  1.560E+14  2.691E+14  3.683E+14  4.438E+14  4.987E+14  5.382E+14  5.659E+14  5.845E+14  5.960E+14  6.017E+14  6.022E+14  5.976E+14  5.874E+14  5.703E+14  5.447E+14  5.081E+14  4.568E+14  3.863E+14
  710.0000  2.916E+14  1.802E+14  8.287E+13  3.889E+13  3.601E+13  6.996E+13  1.590E+14  2.713E+14  3.686E+14  4.422E+14  4.957E+14  5.340E+14  5.608E+14  5.789E+14  5.901E+14  5.956E+14  5.961E+14  5.917E+14  5.817E+14  5.652E+14  5.403E+14  5.047E+14  4.549E+14  3.862E+14
  720.0000  2.901E+14  1.810E+14  8.402E+13  3.931E+13  3.635E+13  7.097E+13  1.600E+14  2.703E+14  3.649E+14  4.360E+14  4.875E+14  5.244E+14  5.502E+14  5.676E+14  5.784E+14  5.837E+14  5.842E+14  5.799E+14  5.703E+14  5.544E+14  5.305E+14  4.962E+14  4.482E+14  3.820E+14
  730.0000  2.917E+14  1.838E+14  8.618E+13  4.025E+13  3.718E+13  7.287E+13  1.628E+14  2.723E+14  3.650E+14  4.343E+14  4.844E+14  5.202E+14  5.453E+14  5.622E+14  5.726E+14  5.778E+14  5.782E+14  5.741E+14  5.648E+14  5.493E+14  5.261E+14  4.929E+14  4.462E+14  3.816E+14
------------------------------------------------------------
Photolysis rate coefficients, s-1
   1 = O3 -> O2 + O(1D)                                  
   2 = H2O2 -> 2 OH                                      
   3 = NO2 -> NO + O(3P)                                 
   4 = NO3 -> NO + O2                                    
   5 = NO3 -> NO2 + O(3P)                                
   6 = CH2O -> H + HCO                                   
   7 = CH2O -> H2 + CO                                   
values at z =      0.500 km
Columns: time, sza, photo-reactions
time, hrs.  sza, deg.          1          2          3          4          5          6          7
    0.0000     80.798  5.536E-07  7.007E-07  1.612E-03  8.632E-03  6.298E-02  2.211E-06  5.289E-06
    1.0000     84.457  2.408E-07  3.538E-07  8.335E-04  4.535E-03  3.205E-02  1.036E-06  2.718E-06
    2.0000     87.076  1.154E-07  1.820E-07  4.436E-04  1.802E-03  1.318E-02  4.928E-07  1.406E-06
    3.0000     88.493  7.134E-08  1.132E-07  2.830E-04  8.586E-04  6.937E-03  2.925E-07  8.733E-07
    4.0000     88.619  6.811E-08  1.079E-07  2.704E-04  8.015E-04  6.541E-03  2.779E-07  8.325E-07
    5.0000     87.443  1.026E-07  1.626E-07  3.988E-04  1.507E-03  1.124E-02  4.348E-07  1.256E-06
    6.0000     85.042  2.070E-07  3.102E-07  7.345E-04  3.867E-03  2.728E-02  8.943E-07  2.388E-06
    7.0000     81.566  4.710E-07  6.167E-07  1.428E-03  7.817E-03  5.663E-02  1.920E-06  4.673E-06
    8.0000     77.216  1.100E-06  1.169E-06  2.569E-03  1.197E-02  8.984E-02  3.898E-06  8.697E-06
    9.0000     72.232  2.441E-06  1.989E-06  3.983E-03  1.547E-02  1.191E-01  7.095E-06  1.455E-05
   10.0000     66.883  4.808E-06  2.991E-06  5.423E-03  1.817E-02  1.422E-01  1.129E-05  2.149E-05
   11.0000     61.468  8.222E-06  4.031E-06  6.690E-03  2.016E-02  1.595E-01  1.591E-05  2.843E-05
   12.0000     56.322  1.228E-05  4.986E-06  7.707E-03  2.157E-02  1.719E-01  2.030E-05  3.455E-05
   13.0000     51.831  1.632E-05  5.766E-06  8.458E-03  2.253E-02  1.803E-01  2.397E-05  3.938E-05
   14.0000     48.417  1.959E-05  6.318E-06  8.951E-03  2.313E-02  1.856E-01  2.660E-05  4.270E-05
   15.0000     46.482  2.148E-05  6.613E-06  9.203E-03  2.343E-02  1.882E-01  2.802E-05  4.445E-05
   16.0000     46.295  2.167E-05  6.641E-06  9.226E-03  2.345E-02  1.884E-01  2.816E-05  4.461E-05
   17.0000     47.886  2.010E-05  6.400E-06  9.022E-03  2.321E-02  1.863E-01  2.700E-05  4.319E-05
   18.0000     51.024  1.708E-05  5.900E-06  8.580E-03  2.268E-02  1.816E-01  2.460E-05  4.019E-05
   19.0000     55.325  1.315E-05  5.164E-06  7.884E-03  2.180E-02  1.739E-01  2.113E-05  3.566E-05
   20.0000     60.364  9.031E-06  4.240E-06  6.922E-03  2.049E-02  1.624E-01  1.686E-05  2.978E-05
   21.0000     65.746  5.442E-06  3.209E-06  5.705E-03  1.864E-02  1.463E-01  1.225E-05  2.297E-05
   22.0000     71.124  2.847E-06  2.190E-06  4.298E-03  1.611E-02  1.245E-01  7.912E-06  1.597E-05
   23.0000     76.195  1.313E-06  1.323E-06  2.859E-03  1.279E-02  9.655E-02  4.477E-06  9.810E-06
------------------------------------------------------------
