Spectral actinic flux, quanta cm-2 s-1 nm-1
values at z =      0.500 km
Columns: wavelength (nm), times (hrs.) or sza (deg.)
    wc, nm      0.000      1.000      2.000      3.000      4.000      5.000      6.000      7.000      8.000      9.000     10.000     11.000     12.000     13.000     14.000     15.000     16.000     17.000     18.000     19.000     20.000     21.000     22.000     23.000
    sza =      92.052     95.790     97.934     98.319     96.915     93.831     89.289     83.577     77.007     69.906     62.613     55.513     49.081     43.923     40.744     40.136     42.227     46.592     52.537     59.398     66.645     73.861     80.688     86.797
  120.7000  0.000E+00  0.000E+00  0.000E+00  0.000E+00  0.000E+00  0.000E+00  0.000E+00  0.000E+00  0.000E+00  0.000E+00  0.000E+00  0.000E+00  0.000E+00  0.000E+00  0.000E+00  0.000E+00  0.000E+00  0.000E+00  0.000E+00  0.000E+00  0.000E+00  0.000E+00  0.000E+00  0.000E+00
  121.6500  0.000E+00  0.000E+00  0.000E+00  0.000E+00  0.000E+00  0.000E+00  0.000E+00  0.000E+00  0.000E+00  0.000E+00  0.000E+00  0.000E+00  0.000E+00  0.000E+00  0.000E+00  0.000E+00  0.000E+00  0.000E+00  0.000E+00  0.000E+00  0.000E+00  0.000E+00  0.000E+00  0.000E+00
  122.1000  0.000E+00  0.000E+00  0.000E+00  0.000E+00  0.000E+00  0.000E+00  0.000E+00  0.000E+00  0.000E+00  0.000E+00  0.000E+00  0.000E+00  0.000E+00  0.000E+00  0.000E+00  0.000E+00  0.000E+00  0.000E+00  0.000E+00  0.000E+00  0.000E+00  0.000E+00  0.000E+00  0.000E+00
  122.7000  0.000E+00  0.000E+00  0.000E+00  0.000E+00  0.000E+00  0.000E+00  0.000E+00  0.000E+00  0.000E+00  0.000E+00  0.000E+00  0.000E+00  0.000E+00  0.000E+00  0.000E+00  0.000E+00  0.000E+00  0.000E+00  0.000E+00  0.000E+00  0.000E+00  0.000E+00  0.000E+00  0.000E+00
  123.4500  0.000E+00  0.000E+00  0.000E+00  0.000E+00  0.000E+00  0.000E+00  0.000E+00  0.000E+00  0.000E+00  0.000E+00  0.000E+00  0.000E+00  0.000E+00  0.000E+00  0.000E+00  0.000E+00  0.000E+00  0.000E+00  0.000E+00  0.000E+00  0.000E+00  0.000E+00  0.000E+00  0.000E+00
  124.2000  0.000E+00  0.000E+00  0.000E+00  0.000E+00  0.000E+00  0.000E+00  0.000E+00  0.000E+00  0.000E+00  0.000E+00  0.000E+00  0.000E+00  0.000E+00  0.000E+00  0.000E+00  0.000E+00  0.000E+00  0.000E+00  0.000E+00  0.000E+00  0.000E+00  0.000E+00  0.000E+00  0.000E+00
  125.0000  0.000E+00  0.000E+00  0.000E+00  0.000E+00  0.000E+00  0.000E+00  0.000E+00  0.000E+00  0.000E+00  0.000E+00  0.000E+00  0.000E+00  0.000E+00  0.000E+00  0.000E+00  0.000E+00  0.000E+00  0.000E+00  0.000E+00  0.000E+00  0.000E+00  0.000E+00  0.000E+00  0.000E+00
  125.8000  0.000E+00  0.000E+00  0.000E+00  0.000E+00  0.000E+00  0.000E+00  0.000E+00  0.000E+00  0.000E+00  0.000E+00  0.000E+00  0.000E+00  0.000E+00  0.000E+00  0.000E+00  0.000E+00  0.000E+00  0.000E+00  0.000E+00  0.000E+00  0.000E+00  0.000E+00  0.000E+00  0.000E+00
  126.6000  0.000E+00  0.000E+00  0.000E+00  0.000E+00  0.000E+00  0.000E+00  0.000E+00  0.000E+00  0.000E+00  0.000E+00  0.000E+00  0.000E+00  0.000E+00  0.000E+00  0.000E+00  0.000E+00  0.000E+00  0.000E+00  0.000E+00  0.000E+00  0.000E+00  0.000E+00  0.000E+00  0.000E+00
  127.8000  0.000E+00  0.000E+00  0.000E+00  0.000E+00  0.000E+00  0.000E+00  0.000E+00  0.000E+00  0.000E+00  0.000E+00  0.000E+00  0.000E+00  0.000E+00  0.000E+00  0.000E+00  0.000E+00  0.000E+00  0.000E+00  0.000E+00  0.000E+00  0.000E+00  0.000E+00  0.000E+00  0.000E+00
  129.0000  0.000E+00  0.000E+00  0.000E+00  0.000E+00  0.000E+00  0.000E+00  0.000E+00  0.000E+00  0.000E+00  0.000E+00  0.000E+00  0.000E+00  0.000E+00  0.000E+00  0.000E+00  0.000E+00  0.000E+00  0.000E+00  0.000E+00  0.000E+00  0.000E+00  0.000E+00  0.000E+00  0.000E+00
  129.8500  0.000E+00  0.000E+00  0.000E+00  0.000E+00  0.000E+00  0.000E+00  0.000E+00  0.000E+00  0.000E+00  0.000E+00  0.000E+00  0.000E+00  0.000E+00  0.000E+00  0.000E+00  0.000E+00  0.000E+00  0.000E+00  0.000E+00  0.000E+00  0.000E+00  0.000E+00  0.000E+00  0.000E+00
  131.1500  0.000E+00  0.000E+00  0.000E+00  0.000E+00  0.000E+00  0.000E+00  0.000E+00  0.000E+00  0.000E+00  0.000E+00  0.000E+00  0.000E+00  0.000E+00  0.000E+00  0.000E+00  0.000E+00  0.000E+00  0.000E+00  0.000E+00  0.000E+00  0.000E+00  0.000E+00  0.000E+00  0.000E+00
  133.5000  0.000E+00  0.000E+00  0.000E+00  0.000E+00  0.000E+00  0.000E+00  0.000E+00  0.000E+00  0.000E+00  0.000E+00  0.000E+00  0.000E+00  0.000E+00  0.000E+00  0.000E+00  0.000E+00  0.000E+00  0.000E+00  0.000E+00  0.000E+00  0.000E+00  0.000E+00  0.000E+00  0.000E+00
  136.0000  0.000E+00  0.000E+00  0.000E+00  0.000E+00  0.000E+00  0.000E+00  0.000E+00  0.000E+00  0.000E+00  0.000E+00  0.000E+00  0.000E+00  0.000E+00  0.000E+00  0.000E+00  0.000E+00  0.000E+00  0.000E+00  0.000E+00  0.000E+00  0.000E+00  0.000E+00  0.000E+00  0.000E+00
  141.0000  0.000E+00  0.000E+00  0.000E+00  0.000E+00  0.000E+00  0.000E+00  0.000E+00  0.000E+00  0.000E+00  0.000E+00  0.000E+00  0.000E+00  0.000E+00  0.000E+00  0.000E+00  0.000E+00  0.000E+00  0.000E+00  0.000E+00  0.000E+00  0.000E+00  0.000E+00  0.000E+00  0.000E+00
  150.0000  0.000E+00  0.000E+00  0.000E+00  0.000E+00  0.000E+00  0.000E+00  0.000E+00  0.000E+00  0.000E+00  0.000E+00  0.000E+00  0.000E+00  0.000E+00  0.000E+00  0.000E+00  0.000E+00  0.000E+00  0.000E+00  0.000E+00  0.000E+00  0.000E+00  0.000E+00  0.000E+00  0.000E+00
  160.0000  0.000E+00  0.000E+00  0.000E+00  0.000E+00  0.000E+00  0.000E+00  0.000E+00  0.000E+00  0.000E+00  0.000E+00  0.000E+00  0.000E+00  0.000E+00  0.000E+00  0.000E+00  0.000E+00  0.000E+00  0.000E+00  0.000E+00  0.000E+00  0.000E+00  0.000E+00  0.000E+00  0.000E+00
  167.5000  0.000E+00  0.000E+00  0.000E+00  0.000E+00  0.000E+00  0.000E+00  0.000E+00  0.000E+00  0.000E+00  0.000E+00  0.000E+00  0.000E+00  0.000E+00  0.000E+00  0.000E+00  0.000E+00  0.000E+00  0.000E+00  0.000E+00  0.000E+00  0.000E+00  0.000E+00  0.000E+00  0.000E+00
  172.2000  0.000E+00  0.000E+00  0.000E+00  0.000E+00  0.000E+00  0.000E+00  0.000E+00  0.000E+00  0.000E+00  0.000E+00  0.000E+00  0.000E+00  0.000E+00  0.000E+00  0.000E+00  0.000E+00  0.000E+00  0.000E+00  0.000E+00  0.000E+00  0.000E+00  0.000E+00  0.000E+00  0.000E+00
  175.7000  0.000E+00  0.000E+00  0.000E+00  0.000E+00  0.000E+00  0.000E+00  0.000E+00  0.000E+00  0.000E+00  0.000E+00  0.000E+00  0.000E+00  0.000E+00  0.000E+00  0.000E+00  0.000E+00  0.000E+00  0.000E+00  0.000E+00  0.000E+00  0.000E+00  0.000E+00  0.000E+00  0.000E+00
  177.8000  0.000E+00  0.000E+00  0.000E+00  0.000E+00  0.000E+00  0.000E+00  0.000E+00  0.000E+00  0.000E+00  0.000E+00  0.000E+00  0.000E+00  0.000E+00  0.000E+00  0.000E+00  0.000E+00  0.000E+00  0.000E+00  0.000E+00  0.000E+00  0.000E+00  0.000E+00  0.000E+00  0.000E+00
  179.4000  0.000E+00  0.000E+00  0.000E+00  0.000E+00  0.000E+00  0.000E+00  0.000E+00  0.000E+00  0.000E+00  0.000E+00  0.000E+00  0.000E+00  0.000E+00  0.000E+00  0.000E+00  0.000E+00  0.000E+00  0.000E+00  0.000E+00  0.000E+00  0.000E+00  0.000E+00  0.000E+00  0.000E+00
  181.0000  0.000E+00  0.000E+00  0.000E+00  0.000E+00  0.000E+00  0.000E+00  0.000E+00  0.000E+00  0.000E+00  0.000E+00  0.000E+00  0.000E+00  0.000E+00  0.000E+00  0.000E+00  0.000E+00  0.000E+00  0.000E+00  0.000E+00  0.000E+00  0.000E+00  0.000E+00  0.000E+00  0.000E+00
  182.6500  0.000E+00  0.000E+00  0.000E+00  0.000E+00  0.000E+00  0.000E+00  0.000E+00  0.000E+00  0.000E+00  0.000E+00  0.000E+00  0.000E+00  0.000E+00  0.000E+00  0.000E+00  0.000E+00  0.000E+00  0.000E+00  0.000E+00  0.000E+00  0.000E+00  0.000E+00  0.000E+00  0.000E+00
  184.3500  0.000E+00  0.000E+00  0.000E+00  0.000E+00  0.000E+00  0.000E+00  0.000E+00  0.000E+00  0.000E+00  0.000E+00  0.000E+00  0.000E+00  0.000E+00  0.000E+00  0.000E+00  0.000E+00  0.000E+00  0.000E+00  0.000E+00  0.000E+00  0.000E+00  0.000E+00  0.000E+00  0.000E+00
  186.0500  0.000E+00  0.000E+00  0.000E+00  0.000E+00  0.000E+00  0.000E+00  0.000E+00  0.000E+00  0.000E+00  0.000E+00  0.000E+00  0.000E+00  0.000E+00  0.000E+00  0.000E+00  0.000E+00  0.000E+00  0.000E+00  0.000E+00  0.000E+00  0.000E+00  0.000E+00  0.000E+00  0.000E+00
  187.8000  0.000E+00  0.000E+00  0.000E+00  0.000E+00  0.000E+00  0.000E+00  0.000E+00  0.000E+00  0.000E+00  0.000E+00  0.000E+00  0.000E+00  0.000E+00  0.000E+00  0.000E+00  0.000E+00  0.000E+00  0.000E+00  0.000E+00  0.000E+00  0.000E+00  0.000E+00  0.000E+00  0.000E+00
  189.6000  0.000E+00  0.000E+00  0.000E+00  0.000E+00  0.000E+00  0.000E+00  0.000E+00  0.000E+00  0.000E+00  0.000E+00  0.000E+00  0.000E+00  0.000E+00  0.000E+00  0.000E+00  0.000E+00  0.000E+00  0.000E+00  0.000E+00  0.000E+00  0.000E+00  0.000E+00  0.000E+00  0.000E+00
  191.4000  0.000E+00  0.000E+00  0.000E+00  0.000E+00  0.000E+00  0.000E+00  0.000E+00  0.000E+00  0.000E+00  0.000E+00  0.000E+00  0.000E+00  0.000E+00  0.000E+00  0.000E+00  0.000E+00  0.000E+00  0.000E+00  0.000E+00  0.000E+00  0.000E+00  0.000E+00  0.000E+00  0.000E+00
  193.2500  0.000E+00  0.000E+00  0.000E+00  0.000E+00  0.000E+00  0.000E+00  0.000E+00  0.000E+00  0.000E+00  0.000E+00  0.000E+00  0.000E+00  0.000E+00  0.000E+00  0.000E+00  0.000E+00  0.000E+00  0.000E+00  0.000E+00  0.000E+00  0.000E+00  0.000E+00  0.000E+00  0.000E+00
  195.1500  0.000E+00  0.000E+00  0.000E+00  0.000E+00  0.000E+00  0.000E+00  0.000E+00  0.000E+00  0.000E+00  0.000E+00  0.000E+00  0.000E+00  0.000E+00  0.000E+00  0.000E+00  0.000E+00  0.000E+00  0.000E+00  0.000E+00  0.000E+00  0.000E+00  0.000E+00  0.000E+00  0.000E+00
  197.0500  0.000E+00  0.000E+00  0.000E+00  0.000E+00  0.000E+00  0.000E+00  0.000E+00  0.000E+00  0.000E+00  0.000E+00  0.000E+00  0.000E+00  0.000E+00  0.000E+00  0.000E+00  0.000E+00  0.000E+00  0.000E+00  0.000E+00  0.000E+00  0.000E+00  0.000E+00  0.000E+00  0.000E+00
  199.0000  0.000E+00  0.000E+00  0.000E+00  0.000E+00  0.000E+00  0.000E+00  0.000E+00  0.000E+00  0.000E+00  0.000E+00  0.000E+00  0.000E+00  0.000E+00  0.000E+00  0.000E+00  0.000E+00  0.000E+00  0.000E+00  0.000E+00  0.000E+00  0.000E+00  0.000E+00  0.000E+00  0.000E+00
  201.0000  0.000E+00  0.000E+00  0.000E+00  0.000E+00  0.000E+00  0.000E+00  0.000E+00  0.000E+00  0.000E+00  0.000E+00  0.000E+00  0.000E+00  0.000E+00  0.000E+00  0.000E+00  0.000E+00  0.000E+00  0.000E+00  0.000E+00  0.000E+00  0.000E+00  0.000E+00  0.000E+00  0.000E+00
  203.0500  0.000E+00  0.000E+00  0.000E+00  0.000E+00  0.000E+00  0.000E+00  0.000E+00  0.000E+00  0.000E+00  0.000E+00  0.000E+00  0.000E+00  0.000E+00  0.000E+00  0.000E+00  0.000E+00  0.000E+00  0.000E+00  0.000E+00  0.000E+00  0.000E+00  0.000E+00  0.000E+00  0.000E+00
  204.9500  0.000E+00  0.000E+00  0.000E+00  0.000E+00  0.000E+00  0.000E+00  0.000E+00  0.000E+00  0.000E+00  0.000E+00  0.000E+00  0.000E+00  0.000E+00  0.000E+00  0.000E+00  0.000E+00  0.000E+00  0.000E+00  0.000E+00  0.000E+00  0.000E+00  0.000E+00  0.000E+00  0.000E+00
  207.0665  0.000E+00  0.000E+00  0.000E+00  0.000E+00  0.000E+00  0.000E+00  0.000E+00  0.000E+00  0.000E+00  0.000E+00  0.000E+00  0.000E+00  0.000E+00  0.000E+00  0.000E+00  0.000E+00  0.000E+00  0.000E+00  0.000E+00  0.000E+00  0.000E+00  0.000E+00  0.000E+00  0.000E+00
  209.4295  0.000E+00  0.000E+00  0.000E+00  0.000E+00  0.000E+00  0.000E+00  0.000E+00  0.000E+00  0.000E+00  0.000E+00  0.000E+00  0.000E+00  0.000E+00  0.000E+00  0.000E+00  0.000E+00  0.000E+00  0.000E+00  0.000E+00  0.000E+00  0.000E+00  0.000E+00  0.000E+00  0.000E+00
  211.6460  0.000E+00  0.000E+00  0.000E+00  0.000E+00  0.000E+00  0.000E+00  0.000E+00  0.000E+00  0.000E+00  0.000E+00  0.000E+00  0.000E+00  0.000E+00  0.000E+00  0.000E+00  0.000E+00  0.000E+00  0.000E+00  0.000E+00  0.000E+00  0.000E+00  0.000E+00  0.000E+00  0.000E+00
  213.9100  0.000E+00  0.000E+00  0.000E+00  0.000E+00  0.000E+00  0.000E+00  0.000E+00  0.000E+00  0.000E+00  0.000E+00  0.000E+00  0.000E+00  0.000E+00  0.000E+00  0.000E+00  0.000E+00  0.000E+00  0.000E+00  0.000E+00  0.000E+00  0.000E+00  0.000E+00  0.000E+00  0.000E+00
  216.2225  0.000E+00  0.000E+00  0.000E+00  0.000E+00  0.000E+00  0.000E+00  0.000E+00  0.000E+00  0.000E+00  0.000E+00  0.000E+00  0.000E+00  0.000E+00  0.000E+00  0.000E+00  0.000E+00  0.000E+00  0.000E+00  0.000E+00  0.000E+00  0.000E+00  0.000E+00  0.000E+00  0.000E+00
  218.5855  0.000E+00  0.000E+00  0.000E+00  0.000E+00  0.000E+00  0.000E+00  0.000E+00  0.000E+00  0.000E+00  0.000E+00  0.000E+00  0.000E+00  0.000E+00  0.000E+00  0.000E+00  0.000E+00  0.000E+00  0.000E+00  0.000E+00  0.000E+00  0.000E+00  0.000E+00  0.000E+00  0.000E+00
  221.0010  0.000E+00  0.000E+00  0.000E+00  0.000E+00  0.000E+00  0.000E+00  0.000E+00  0.000E+00  0.000E+00  0.000E+00  0.000E+00  0.000E+00  0.000E+00  0.000E+00  0.000E+00  0.000E+00  0.000E+00  0.000E+00  0.000E+00  0.000E+00  0.000E+00  0.000E+00  0.000E+00  0.000E+00
  223.4705  0.000E+00  0.000E+00  0.000E+00  0.000E+00  0.000E+00  0.000E+00  0.000E+00  0.000E+00  0.000E+00  0.000E+00  0.000E+00  0.000E+00  0.000E+00  0.000E+00  0.000E+00  0.000E+00  0.000E+00  0.000E+00  0.000E+00  0.000E+00  0.000E+00  0.000E+00  0.000E+00  0.000E+00
  225.9960  0.000E+00  0.000E+00  0.000E+00  0.000E+00  0.000E+00  0.000E+00  0.000E+00  0.000E+00  0.000E+00  0.000E+00  0.000E+00  0.000E+00  0.000E+00  0.000E+00  0.000E+00  0.000E+00  0.000E+00  0.000E+00  0.000E+00  0.000E+00  0.000E+00  0.000E+00  0.000E+00  0.000E+00
  228.5790  0.000E+00  0.000E+00  0.000E+00  0.000E+00  0.000E+00  0.000E+00  0.000E+00  0.000E+00  0.000E+00  0.000E+00  0.000E+00  0.000E+00  0.000E+00  0.000E+00  0.000E+00  0.000E+00  0.000E+00  0.000E+00  0.000E+00  0.000E+00  0.000E+00  0.000E+00  0.000E+00  0.000E+00
  231.2215  0.000E+00  0.000E+00  0.000E+00  0.000E+00  0.000E+00  0.000E+00  0.000E+00  0.000E+00  0.000E+00  0.000E+00  0.000E+00  0.000E+00  0.000E+00  0.000E+00  0.000E+00  0.000E+00  0.000E+00  0.000E+00  0.000E+00  0.000E+00  0.000E+00  0.000E+00  0.000E+00  0.000E+00
  233.9260  0.000E+00  0.000E+00  0.000E+00  0.000E+00  0.000E+00  0.000E+00  0.000E+00  0.000E+00  0.000E+00  0.000E+00  0.000E+00  0.000E+00  0.000E+00  0.000E+00  0.000E+00  0.000E+00  0.000E+00  0.000E+00  0.000E+00  0.000E+00  0.000E+00  0.000E+00  0.000E+00  0.000E+00
  236.6945  0.000E+00  0.000E+00  0.000E+00  0.000E+00  0.000E+00  0.000E+00  0.000E+00  0.000E+00  0.000E+00  0.000E+00  0.000E+00  0.000E+00  0.000E+00  0.000E+00  0.000E+00  0.000E+00  0.000E+00  0.000E+00  0.000E+00  0.000E+00  0.000E+00  0.000E+00  0.000E+00  0.000E+00
  239.5295  0.000E+00  0.000E+00  0.000E+00  0.000E+00  0.000E+00  0.000E+00  0.000E+00  0.000E+00  0.000E+00  0.000E+00  0.000E+00  0.000E+00  0.000E+00  0.000E+00  0.000E+00  0.000E+00  0.000E+00  0.000E+00  0.000E+00  0.000E+00  0.000E+00  0.000E+00  0.000E+00  0.000E+00
  242.4330  0.000E+00  0.000E+00  0.000E+00  0.000E+00  0.000E+00  0.000E+00  0.000E+00  0.000E+00  0.000E+00  0.000E+00  0.000E+00  0.000E+00  0.000E+00  0.000E+00  0.000E+00  0.000E+00  0.000E+00  0.000E+00  0.000E+00  0.000E+00  0.000E+00  0.000E+00  0.000E+00  0.000E+00
  245.4080  0.000E+00  0.000E+00  0.000E+00  0.000E+00  0.000E+00  0.000E+00  0.000E+00  0.000E+00  0.000E+00  0.000E+00  0.000E+00  0.000E+00  0.000E+00  0.000E+00  0.000E+00  0.000E+00  0.000E+00  0.000E+00  0.000E+00  0.000E+00  0.000E+00  0.000E+00  0.000E+00  0.000E+00
  248.4570  0.000E+00  0.000E+00  0.000E+00  0.000E+00  0.000E+00  0.000E+00  0.000E+00  0.000E+00  0.000E+00  0.000E+00  0.000E+00  0.000E+00  0.000E+00  0.000E+00  0.000E+00  0.000E+00  0.000E+00  0.000E+00  0.000E+00  0.000E+00  0.000E+00  0.000E+00  0.000E+00  0.000E+00
  251.5825  0.000E+00  0.000E+00  0.000E+00  0.000E+00  0.000E+00  0.000E+00  0.000E+00  0.000E+00  0.000E+00  0.000E+00  0.000E+00  0.000E+00  0.000E+00  0.000E+00  0.000E+00  0.000E+00  0.000E+00  0.000E+00  0.000E+00  0.000E+00  0.000E+00  0.000E+00  0.000E+00  0.000E+00
  254.7875  0.000E+00  0.000E+00  0.000E+00  0.000E+00  0.000E+00  0.000E+00  0.000E+00  0.000E+00  0.000E+00  0.000E+00  0.000E+00  0.000E+00  0.000E+00  0.000E+00  0.000E+00  0.000E+00  0.000E+00  0.000E+00  0.000E+00  0.000E+00  0.000E+00  0.000E+00  0.000E+00  0.000E+00
  258.0750  0.000E+00  0.000E+00  0.000E+00  0.000E+00  0.000E+00  0.000E+00  0.000E+00  0.000E+00  0.000E+00  0.000E+00  0.000E+00  0.000E+00  0.000E+00  0.000E+00  0.000E+00  0.000E+00  0.000E+00  0.000E+00  0.000E+00  0.000E+00  0.000E+00  0.000E+00  0.000E+00  0.000E+00
  261.4490  0.000E+00  0.000E+00  0.000E+00  0.000E+00  0.000E+00  0.000E+00  0.000E+00  0.000E+00  0.000E+00  0.000E+00  0.000E+00  0.000E+00  0.000E+00  0.000E+00  0.000E+00  0.000E+00  0.000E+00  0.000E+00  0.000E+00  0.000E+00  0.000E+00  0.000E+00  0.000E+00  0.000E+00
  264.9125  0.000E+00  0.000E+00  0.000E+00  0.000E+00  0.000E+00  0.000E+00  0.000E+00  0.000E+00  0.000E+00  0.000E+00  0.000E+00  0.000E+00  0.000E+00  0.000E+00  0.000E+00  0.000E+00  0.000E+00  0.000E+00  0.000E+00  0.000E+00  0.000E+00  0.000E+00  0.000E+00  0.000E+00
  268.4685  0.000E+00  0.000E+00  0.000E+00  0.000E+00  0.000E+00  0.000E+00  0.000E+00  0.000E+00  0.000E+00  0.000E+00  0.000E+00  0.000E+00  0.000E+00  0.000E+00  0.000E+00  0.000E+00  0.000E+00  0.000E+00  0.000E+00  0.000E+00  0.000E+00  0.000E+00  0.000E+00  0.000E+00
  272.1215  0.000E+00  0.000E+00  0.000E+00  0.000E+00  0.000E+00  0.000E+00  0.000E+00  0.000E+00  0.000E+00  0.000E+00  0.000E+00  0.000E+00  0.000E+00  0.000E+00  0.000E+00  0.000E+00  0.000E+00  0.000E+00  0.000E+00  0.000E+00  0.000E+00  0.000E+00  0.000E+00  0.000E+00
  275.8755  0.000E+00  0.000E+00  0.000E+00  0.000E+00  0.000E+00  0.000E+00  0.000E+00  0.000E+00  0.000E+00  0.000E+00  0.000E+00  0.000E+00  0.000E+00  0.000E+00  0.000E+00  0.000E+00  0.000E+00  0.000E+00  0.000E+00  0.000E+00  0.000E+00  0.000E+00  0.000E+00  0.000E+00
  279.7340  0.000E+00  0.000E+00  0.000E+00  0.000E+00  0.000E+00  0.000E+00  0.000E+00  0.000E+00  0.000E+00  0.000E+00  0.000E+00  0.000E+00  0.000E+00  0.000E+00  0.000E+00  0.000E+00  0.000E+00  0.000E+00  0.000E+00  0.000E+00  0.000E+00  0.000E+00  0.000E+00  0.000E+00
  283.7020  0.000E+00  0.000E+00  0.000E+00  0.000E+00  0.000E+00  0.000E+00  0.000E+00  0.000E+00  0.000E+00  0.000E+00  0.000E+00  0.000E+00  0.000E+00  0.000E+00  0.000E+00  0.000E+00  0.000E+00  0.000E+00  0.000E+00  0.000E+00  0.000E+00  0.000E+00  0.000E+00  0.000E+00
  287.7845  0.000E+00  0.000E+00  0.000E+00  0.000E+00  0.000E+00  0.000E+00  0.000E+00  0.000E+00  0.000E+00  0.000E+00  0.000E+00  0.000E+00  0.000E+00  0.000E+00  0.000E+00  0.000E+00  0.000E+00  0.000E+00  0.000E+00  0.000E+00  0.000E+00  0.000E+00  0.000E+00  0.000E+00
  291.9865  9.381E+04  1.327E+03  6.082E+01  6.206E+00  3.316E+02  2.122E+04  2.790E+05  6.669E+05  1.193E+06  2.094E+06  4.257E+06  1.808E+07  1.018E+08  3.337E+08  6.143E+08  6.841E+08  4.681E+08  1.860E+08  4.072E+07  7.192E+06  2.764E+06  1.528E+06  8.780E+05  4.480E+05
  296.3090  1.444E+07  2.187E+05  1.265E+04  2.484E+03  5.110E+04  3.385E+06  4.256E+07  1.078E+08  2.110E+08  4.365E+08  1.642E+09  8.535E+09  2.863E+10  6.042E+10  8.793E+10  9.393E+10  7.445E+10  4.198E+10  1.558E+10  3.527E+09  7.086E+08  2.846E+08  1.473E+08  6.980E+07
  300.5000  2.769E+08  4.474E+06  2.878E+05  8.654E+04  9.553E+05  6.711E+07  8.276E+08  2.321E+09  5.324E+09  1.882E+10  9.547E+10  3.243E+11  7.146E+11  1.149E+12  1.456E+12  1.518E+12  1.311E+12  9.120E+11  4.824E+11  1.750E+11  3.975E+10  8.515E+09  3.365E+09  1.414E+09
  303.0000  1.381E+09  2.322E+07  1.517E+06  5.521E+05  4.642E+06  3.407E+08  4.232E+09  1.307E+10  3.766E+10  1.851E+11  7.757E+11  2.030E+12  3.727E+12  5.360E+12  6.421E+12  6.628E+12  5.929E+12  4.493E+12  2.757E+12  1.255E+12  3.728E+11  7.382E+10  2.021E+10  7.526E+09
  304.0000  1.776E+09  3.023E+07  1.974E+06  7.584E+05  5.919E+06  4.400E+08  5.495E+09  1.757E+10  5.575E+10  2.860E+11  1.112E+12  2.720E+12  4.777E+12  6.687E+12  7.902E+12  8.138E+12  7.342E+12  5.679E+12  3.613E+12  1.741E+12  5.585E+11  1.141E+11  2.796E+10  9.914E+09
  305.0000  3.002E+09  5.194E+07  3.363E+06  1.377E+06  9.873E+06  7.477E+08  9.449E+09  3.206E+10  1.189E+11  6.147E+11  2.139E+12  4.798E+12  7.963E+12  1.078E+13  1.252E+13  1.285E+13  1.172E+13  9.303E+12  6.194E+12  3.209E+12  1.143E+12  2.533E+11  5.397E+10  1.746E+10
  306.0000  3.272E+09  5.734E+07  3.683E+06  1.578E+06  1.067E+07  8.176E+08  1.045E+10  3.725E+10  1.546E+11  7.804E+11  2.515E+12  5.326E+12  8.522E+12  1.128E+13  1.296E+13  1.328E+13  1.219E+13  9.843E+12  6.751E+12  3.666E+12  1.400E+12  3.313E+11  6.590E+10  1.967E+10
  307.0000  4.966E+09  8.822E+07  5.589E+06  2.508E+06  1.601E+07  1.245E+09  1.617E+10  6.187E+10  2.908E+11  1.388E+12  4.098E+12  8.165E+12  1.257E+13  1.625E+13  1.845E+13  1.887E+13  1.745E+13  1.434E+13  1.015E+13  5.796E+12  2.389E+12  6.172E+11  1.170E+11  3.122E+10
  308.0000  6.894E+09  1.242E+08  7.710E+06  3.624E+06  2.192E+07  1.733E+09  2.298E+10  9.593E+10  4.961E+11  2.198E+12  5.966E+12  1.123E+13  1.668E+13  2.111E+13  2.372E+13  2.421E+13  2.253E+13  1.882E+13  1.371E+13  8.201E+12  3.631E+12  1.028E+12  1.940E+11  4.571E+10
  309.0000  7.915E+09  1.439E+08  8.835E+06  4.272E+06  2.502E+07  1.992E+09  2.681E+10  1.189E+11  6.427E+11  2.708E+12  7.006E+12  1.277E+13  1.858E+13  2.324E+13  2.595E+13  2.646E+13  2.472E+13  2.085E+13  1.543E+13  9.478E+12  4.370E+12  1.307E+12  2.497E+11  5.441E+10
  310.0000  9.618E+09  1.775E+08  1.049E+07  5.329E+06  2.980E+07  2.421E+09  3.388E+10  1.732E+11  9.693E+11  3.644E+12  8.603E+12  1.479E+13  2.073E+13  2.536E+13  2.802E+13  2.852E+13  2.682E+13  2.300E+13  1.754E+13  1.130E+13  5.619E+12  1.876E+12  3.838E+11  7.223E+10
  311.0000  1.786E+10  3.323E+08  1.931E+07  1.006E+07  5.497E+07  4.491E+09  6.416E+10  3.505E+11  1.958E+12  7.002E+12  1.591E+13  2.668E+13  3.683E+13  4.463E+13  4.908E+13  4.991E+13  4.708E+13  4.065E+13  3.139E+13  2.063E+13  1.059E+13  3.703E+12  7.878E+11  1.402E+11
  312.0000  1.859E+10  3.493E+08  1.964E+07  1.057E+07  5.643E+07  4.660E+09  6.915E+10  4.192E+11  2.275E+12  7.527E+12  1.619E+13  2.621E+13  3.541E+13  4.236E+13  4.628E+13  4.701E+13  4.452E+13  3.883E+13  3.051E+13  2.063E+13  1.108E+13  4.146E+12  9.481E+11  1.579E+11
  313.0000  2.478E+10  4.699E+08  2.527E+07  1.407E+07  7.392E+07  6.173E+09  9.624E+10  6.453E+11  3.307E+12  1.009E+13  2.055E+13  3.216E+13  4.255E+13  5.026E+13  5.457E+13  5.537E+13  5.264E+13  4.635E+13  3.704E+13  2.575E+13  1.444E+13  5.794E+12  1.442E+12  2.316E+11
  314.0000  2.912E+10  5.549E+08  2.940E+07  1.663E+07  8.655E+07  7.233E+09  1.152E+11  8.031E+11  4.011E+12  1.187E+13  2.367E+13  3.654E+13  4.791E+13  5.630E+13  6.097E+13  6.183E+13  5.888E+13  5.206E+13  4.189E+13  2.945E+13  1.681E+13  6.925E+12  1.781E+12  2.836E+11
  316.0000  4.183E+10  8.047E+08  3.854E+07  2.304E+07  1.201E+08  1.017E+10  1.813E+11  1.401E+12  6.053E+12  1.582E+13  2.916E+13  4.285E+13  5.449E+13  6.287E+13  6.747E+13  6.831E+13  6.541E+13  5.865E+13  4.837E+13  3.539E+13  2.154E+13  9.824E+12  2.929E+12  4.872E+11
  320.0000  8.984E+10  1.725E+09  6.966E+07  4.444E+07  2.458E+08  2.075E+10  4.440E+11  3.367E+12  1.190E+13  2.715E+13  4.590E+13  6.389E+13  7.853E+13  8.879E+13  9.431E+13  9.533E+13  9.185E+13  8.365E+13  7.090E+13  5.421E+13  3.538E+13  1.803E+13  6.385E+12  1.261E+12
  325.0000  2.166E+11  4.032E+09  1.301E+08  8.637E+07  5.616E+08  4.630E+10  1.161E+12  7.279E+12  2.145E+13  4.393E+13  6.935E+13  9.238E+13  1.105E+14  1.228E+14  1.294E+14  1.306E+14  1.265E+14  1.166E+14  1.011E+14  8.011E+13  5.531E+13  3.077E+13  1.255E+13  3.112E+12
  330.0000  4.058E+11  7.364E+09  2.086E+08  1.391E+08  1.031E+09  8.287E+10  2.147E+12  1.164E+13  3.166E+13  6.175E+13  9.419E+13  1.227E+14  1.445E+14  1.592E+14  1.670E+14  1.684E+14  1.635E+14  1.519E+14  1.332E+14  1.076E+14  7.643E+13  4.434E+13  1.922E+13  5.372E+12
  335.0000  5.270E+11  9.400E+09  2.449E+08  1.618E+08  1.333E+09  1.049E+11  2.686E+12  1.309E+13  3.397E+13  6.420E+13  9.566E+13  1.226E+14  1.429E+14  1.564E+14  1.634E+14  1.647E+14  1.603E+14  1.497E+14  1.324E+14  1.084E+14  7.856E+13  4.685E+13  2.106E+13  6.350E+12
  340.0000  6.660E+11  1.175E+10  2.997E+08  1.973E+08  1.688E+09  1.309E+11  3.327E+12  1.550E+13  3.967E+13  7.386E+13  1.085E+14  1.376E+14  1.592E+14  1.735E+14  1.809E+14  1.823E+14  1.777E+14  1.664E+14  1.481E+14  1.223E+14  8.977E+13  5.437E+13  2.475E+13  7.670E+12
  345.0000  7.158E+11  1.252E+10  3.195E+08  2.105E+08  1.817E+09  1.395E+11  3.544E+12  1.620E+13  4.134E+13  7.620E+13  1.107E+14  1.392E+14  1.602E+14  1.739E+14  1.810E+14  1.823E+14  1.779E+14  1.671E+14  1.494E+14  1.243E+14  9.213E+13  5.644E+13  2.584E+13  8.074E+12
  350.0000  7.615E+11  1.321E+10  3.460E+08  2.296E+08  1.934E+09  1.473E+11  3.800E+12  1.749E+13  4.501E+13  8.251E+13  1.189E+14  1.485E+14  1.702E+14  1.843E+14  1.915E+14  1.928E+14  1.883E+14  1.773E+14  1.591E+14  1.331E+14  9.940E+13  6.136E+13  2.805E+13  8.679E+12
  355.0000  8.380E+11  1.439E+10  3.835E+08  2.556E+08  2.126E+09  1.608E+11  4.191E+12  1.926E+13  4.977E+13  9.052E+13  1.293E+14  1.604E+14  1.829E+14  1.975E+14  2.050E+14  2.063E+14  2.017E+14  1.903E+14  1.714E+14  1.442E+14  1.086E+14  6.766E+13  3.100E+13  9.550E+12
  360.0000  7.875E+11  1.337E+10  3.643E+08  2.442E+08  1.993E+09  1.498E+11  3.960E+12  1.826E+13  4.745E+13  8.565E+13  1.213E+14  1.495E+14  1.698E+14  1.828E+14  1.895E+14  1.907E+14  1.866E+14  1.764E+14  1.595E+14  1.349E+14  1.023E+14  6.433E+13  2.953E+13  9.026E+12
  365.0000  1.026E+12  1.724E+10  4.805E+08  3.239E+08  2.592E+09  1.938E+11  5.190E+12  2.406E+13  6.285E+13  1.126E+14  1.581E+14  1.937E+14  2.191E+14  2.353E+14  2.436E+14  2.451E+14  2.399E+14  2.273E+14  2.062E+14  1.752E+14  1.339E+14  8.495E+13  3.910E+13  1.184E+13
  370.0000  1.089E+12  1.809E+10  5.165E+08  3.502E+08  2.743E+09  2.042E+11  5.552E+12  2.591E+13  6.799E+13  1.208E+14  1.682E+14  2.050E+14  2.310E+14  2.475E+14  2.559E+14  2.574E+14  2.522E+14  2.394E+14  2.178E+14  1.860E+14  1.432E+14  9.161E+13  4.230E+13  1.269E+13
  375.0000  1.004E+12  1.647E+10  4.815E+08  3.285E+08  2.518E+09  1.860E+11  5.154E+12  2.423E+13  6.385E+13  1.125E+14  1.555E+14  1.884E+14  2.115E+14  2.261E+14  2.336E+14  2.349E+14  2.303E+14  2.189E+14  1.998E+14  1.714E+14  1.328E+14  8.574E+13  3.975E+13  1.180E+13
  380.0000  1.177E+12  1.911E+10  5.722E+08  3.924E+08  2.944E+09  2.178E+11  6.088E+12  2.885E+13  7.626E+13  1.332E+14  1.827E+14  2.202E+14  2.463E+14  2.628E+14  2.712E+14  2.727E+14  2.675E+14  2.547E+14  2.331E+14  2.009E+14  1.567E+14  1.020E+14  4.753E+13  1.396E+13
  385.0000  9.051E+11  1.450E+10  4.448E+08  3.068E+08  2.252E+09  1.659E+11  4.715E+12  2.253E+13  5.968E+13  1.033E+14  1.406E+14  1.687E+14  1.881E+14  2.003E+14  2.065E+14  2.076E+14  2.038E+14  1.943E+14  1.783E+14  1.543E+14  1.211E+14  7.955E+13  3.726E+13  1.083E+13
  390.0000  1.203E+12  1.901E+10  5.977E+08  4.149E+08  2.977E+09  2.177E+11  6.324E+12  3.049E+13  8.084E+13  1.387E+14  1.874E+14  2.237E+14  2.487E+14  2.643E+14  2.722E+14  2.736E+14  2.687E+14  2.566E+14  2.361E+14  2.051E+14  1.620E+14  1.073E+14  5.059E+13  1.455E+13
  395.0000  9.511E+11  1.481E+10  4.773E+08  3.332E+08  2.338E+09  1.699E+11  5.037E+12  2.450E+13  6.500E+13  1.105E+14  1.483E+14  1.762E+14  1.953E+14  2.072E+14  2.131E+14  2.142E+14  2.105E+14  2.013E+14  1.856E+14  1.619E+14  1.286E+14  8.594E+13  4.079E+13  1.161E+13
  400.0000  1.800E+12  2.761E+10  9.117E+08  6.401E+08  4.394E+09  3.185E+11  9.602E+12  4.714E+13  1.250E+14  2.106E+14  2.807E+14  3.319E+14  3.668E+14  3.885E+14  3.994E+14  4.013E+14  3.946E+14  3.779E+14  3.492E+14  3.057E+14  2.442E+14  1.646E+14  7.867E+13  2.217E+13
  405.0000  1.871E+12  2.829E+10  9.563E+08  6.750E+08  4.536E+09  3.284E+11  1.005E+13  4.981E+13  1.318E+14  2.201E+14  2.915E+14  3.433E+14  3.783E+14  4.001E+14  4.109E+14  4.128E+14  4.061E+14  3.894E+14  3.607E+14  3.168E+14  2.545E+14  1.729E+14  8.329E+13  2.324E+13
  410.0000  1.964E+12  2.922E+10  1.012E+09  7.186E+08  4.723E+09  3.408E+11  1.063E+13  5.321E+13  1.405E+14  2.326E+14  3.060E+14  3.589E+14  3.945E+14  4.165E+14  4.275E+14  4.295E+14  4.227E+14  4.058E+14  3.766E+14  3.319E+14  2.680E+14  1.835E+14  8.912E+13  2.462E+13
  415.0000  2.086E+12  3.056E+10  1.084E+09  7.734E+08  4.976E+09  3.581E+11  1.136E+13  5.744E+13  1.513E+14  2.481E+14  3.244E+14  3.790E+14  4.156E+14  4.382E+14  4.494E+14  4.514E+14  4.445E+14  4.271E+14  3.972E+14  3.512E+14  2.850E+14  1.966E+14  9.631E+13  2.637E+13
  420.0000  2.143E+12  3.090E+10  1.123E+09  8.051E+08  5.069E+09  3.643E+11  1.175E+13  6.005E+13  1.575E+14  2.561E+14  3.329E+14  3.875E+14  4.240E+14  4.464E+14  4.575E+14  4.595E+14  4.526E+14  4.354E+14  4.057E+14  3.597E+14  2.934E+14  2.039E+14  1.007E+14  2.733E+13
  425.0000  2.078E+12  2.946E+10  1.097E+09  7.910E+08  4.869E+09  3.497E+11  1.147E+13  5.931E+13  1.550E+14  2.499E+14  3.230E+14  3.746E+14  4.090E+14  4.300E+14  4.404E+14  4.423E+14  4.359E+14  4.197E+14  3.917E+14  3.484E+14  2.854E+14  1.998E+14  9.955E+13  2.676E+13
  430.0000  1.953E+12  2.721E+10  1.038E+09  7.519E+08  4.532E+09  3.245E+11  1.084E+13  5.666E+13  1.473E+14  2.355E+14  3.027E+14  3.499E+14  3.812E+14  4.003E+14  4.097E+14  4.114E+14  4.056E+14  3.910E+14  3.655E+14  3.259E+14  2.682E+14  1.891E+14  9.508E+13  2.536E+13
  435.0000  2.306E+12  3.155E+10  1.234E+09  8.977E+08  5.295E+09  3.793E+11  1.287E+13  6.805E+13  1.760E+14  2.790E+14  3.568E+14  4.111E+14  4.469E+14  4.688E+14  4.796E+14  4.815E+14  4.748E+14  4.581E+14  4.290E+14  3.835E+14  3.170E+14  2.250E+14  1.141E+14  3.020E+13
  440.0000  2.400E+12  3.226E+10  1.295E+09  9.467E+08  5.453E+09  3.902E+11  1.350E+13  7.230E+13  1.860E+14  2.927E+14  3.724E+14  4.277E+14  4.642E+14  4.864E+14  4.973E+14  4.992E+14  4.925E+14  4.756E+14  4.459E+14  3.997E+14  3.316E+14  2.370E+14  1.212E+14  3.180E+13
  445.0000  2.615E+12  3.449E+10  1.420E+09  1.043E+09  5.875E+09  4.203E+11  1.479E+13  8.024E+13  2.052E+14  3.204E+14  4.057E+14  4.647E+14  5.034E+14  5.268E+14  5.384E+14  5.404E+14  5.333E+14  5.154E+14  4.840E+14  4.348E+14  3.621E+14  2.604E+14  1.343E+14  3.500E+13
  450.0000  2.828E+12  3.659E+10  1.543E+09  1.139E+09  6.279E+09  4.490E+11  1.607E+13  8.822E+13  2.241E+14  3.472E+14  4.376E+14  4.998E+14  5.405E+14  5.651E+14  5.772E+14  5.793E+14  5.719E+14  5.531E+14  5.201E+14  4.683E+14  3.915E+14  2.833E+14  1.474E+14  3.817E+13
  455.0000  2.807E+12  3.561E+10  1.540E+09  1.141E+09  6.157E+09  4.402E+11  1.603E+13  8.914E+13  2.250E+14  3.460E+14  4.341E+14  4.944E+14  5.338E+14  5.576E+14  5.693E+14  5.714E+14  5.642E+14  5.460E+14  5.141E+14  4.639E+14  3.892E+14  2.833E+14  1.487E+14  3.826E+13
  460.0000  2.867E+12  3.565E+10  1.597E+09  1.189E+09  6.219E+09  4.434E+11  1.659E+13  9.410E+13  2.365E+14  3.615E+14  4.520E+14  5.137E+14  5.539E+14  5.781E+14  5.900E+14  5.921E+14  5.848E+14  5.663E+14  5.338E+14  4.825E+14  4.060E+14  2.969E+14  1.569E+14  3.996E+13
  465.0000  2.889E+12  3.522E+10  1.613E+09  1.206E+09  6.187E+09  4.416E+11  1.676E+13  9.612E+13  2.397E+14  3.638E+14  4.528E+14  5.133E+14  5.527E+14  5.763E+14  5.879E+14  5.900E+14  5.829E+14  5.648E+14  5.330E+14  4.828E+14  4.076E+14  2.998E+14  1.598E+14  4.055E+13
  470.0000  2.911E+12  3.474E+10  1.633E+09  1.225E+09  6.151E+09  4.394E+11  1.695E+13  9.855E+13  2.439E+14  3.678E+14  4.560E+14  5.158E+14  5.545E+14  5.778E+14  5.892E+14  5.912E+14  5.842E+14  5.665E+14  5.352E+14  4.857E+14  4.113E+14  3.041E+14  1.635E+14  4.128E+13
  475.0000  2.966E+12  3.467E+10  1.676E+09  1.262E+09  6.188E+09  4.420E+11  1.738E+13  1.026E+14  2.522E+14  3.779E+14  4.669E+14  5.269E+14  5.658E+14  5.891E+14  6.005E+14  6.025E+14  5.955E+14  5.777E+14  5.464E+14  4.967E+14  4.218E+14  3.134E+14  1.698E+14  4.264E+13
  480.0000  2.956E+12  3.377E+10  1.712E+09  1.294E+09  6.099E+09  4.326E+11  1.767E+13  1.073E+14  2.633E+14  3.931E+14  4.845E+14  5.460E+14  5.858E+14  6.096E+14  6.213E+14  6.233E+14  6.162E+14  5.980E+14  5.659E+14  5.150E+14  4.382E+14  3.266E+14  1.777E+14  4.405E+13
  485.0000  2.704E+12  3.021E+10  1.575E+09  1.195E+09  5.503E+09  3.904E+11  1.624E+13  1.002E+14  2.441E+14  3.623E+14  4.451E+14  5.007E+14  5.365E+14  5.580E+14  5.685E+14  5.703E+14  5.639E+14  5.475E+14  5.186E+14  4.727E+14  4.032E+14  3.019E+14  1.655E+14  4.085E+13
  490.0000  2.876E+12  3.145E+10  1.675E+09  1.274E+09  5.769E+09  4.104E+11  1.727E+13  1.076E+14  2.599E+14  3.833E+14  4.692E+14  5.267E+14  5.637E+14  5.858E+14  5.966E+14  5.985E+14  5.919E+14  5.750E+14  5.452E+14  4.978E+14  4.258E+14  3.204E+14  1.771E+14  4.368E+13
  495.0000  2.937E+12  3.137E+10  1.724E+09  1.315E+09  5.811E+09  4.133E+11  1.774E+13  1.124E+14  2.698E+14  3.958E+14  4.831E+14  5.413E+14  5.787E+14  6.011E+14  6.120E+14  6.139E+14  6.072E+14  5.902E+14  5.600E+14  5.120E+14  4.390E+14  3.316E+14  1.845E+14  4.534E+13
  500.0000  2.700E+12  2.820E+10  1.627E+09  1.244E+09  5.291E+09  3.730E+11  1.665E+13  1.087E+14  2.604E+14  3.810E+14  4.642E+14  5.196E+14  5.552E+14  5.765E+14  5.869E+14  5.887E+14  5.823E+14  5.661E+14  5.375E+14  4.917E+14  4.222E+14  3.197E+14  1.784E+14  4.334E+13
  505.0000  2.591E+12  2.641E+10  1.619E+09  1.240E+09  5.043E+09  3.505E+11  1.642E+13  1.113E+14  2.668E+14  3.897E+14  4.744E+14  5.307E+14  5.669E+14  5.885E+14  5.990E+14  6.008E+14  5.944E+14  5.779E+14  5.488E+14  5.024E+14  4.317E+14  3.273E+14  1.829E+14  4.376E+13
  510.0000  2.631E+12  2.622E+10  1.638E+09  1.258E+09  5.040E+09  3.516E+11  1.662E+13  1.137E+14  2.701E+14  3.922E+14  4.758E+14  5.313E+14  5.669E+14  5.882E+14  5.985E+14  6.003E+14  5.940E+14  5.778E+14  5.492E+14  5.034E+14  4.336E+14  3.302E+14  1.861E+14  4.460E+13
  515.0000  2.454E+12  2.388E+10  1.535E+09  1.181E+09  4.636E+09  3.235E+11  1.555E+13  1.080E+14  2.547E+14  3.682E+14  4.455E+14  4.968E+14  5.296E+14  5.492E+14  5.587E+14  5.604E+14  5.545E+14  5.396E+14  5.132E+14  4.710E+14  4.066E+14  3.107E+14  1.762E+14  4.218E+13
  520.0000  2.488E+12  2.364E+10  1.579E+09  1.217E+09  4.647E+09  3.228E+11  1.592E+13  1.131E+14  2.655E+14  3.824E+14  4.619E+14  5.144E+14  5.481E+14  5.681E+14  5.779E+14  5.796E+14  5.736E+14  5.584E+14  5.313E+14  4.880E+14  4.219E+14  3.233E+14  1.841E+14  4.387E+13
  525.0000  2.378E+12  2.204E+10  1.558E+09  1.201E+09  4.419E+09  3.025E+11  1.557E+13  1.144E+14  2.685E+14  3.862E+14  4.661E+14  5.188E+14  5.526E+14  5.727E+14  5.825E+14  5.843E+14  5.783E+14  5.629E+14  5.358E+14  4.923E+14  4.259E+14  3.267E+14  1.864E+14  4.388E+13
  530.0000  2.330E+12  2.112E+10  1.597E+09  1.231E+09  4.333E+09  2.899E+11  1.574E+13  1.206E+14  2.839E+14  4.084E+14  4.927E+14  5.485E+14  5.842E+14  6.055E+14  6.159E+14  6.177E+14  6.114E+14  5.952E+14  5.664E+14  5.205E+14  4.503E+14  3.454E+14  1.969E+14  4.562E+13
  535.0000  2.212E+12  1.959E+10  1.543E+09  1.190E+09  4.080E+09  2.706E+11  1.511E+13  1.186E+14  2.783E+14  3.992E+14  4.810E+14  5.351E+14  5.696E+14  5.903E+14  6.003E+14  6.021E+14  5.959E+14  5.802E+14  5.524E+14  5.079E+14  4.399E+14  3.382E+14  1.934E+14  4.458E+13
  540.0000  2.228E+12  1.927E+10  1.559E+09  1.204E+09  4.058E+09  2.690E+11  1.524E+13  1.213E+14  2.828E+14  4.042E+14  4.859E+14  5.399E+14  5.743E+14  5.949E+14  6.049E+14  6.066E+14  6.005E+14  5.849E+14  5.571E+14  5.128E+14  4.448E+14  3.429E+14  1.973E+14  4.552E+13
  545.0000  2.200E+12  1.857E+10  1.572E+09  1.214E+09  3.985E+09  2.611E+11  1.525E+13  1.246E+14  2.898E+14  4.132E+14  4.963E+14  5.510E+14  5.860E+14  6.069E+14  6.170E+14  6.188E+14  6.126E+14  5.967E+14  5.686E+14  5.235E+14  4.545E+14  3.510E+14  2.024E+14  4.644E+13
  550.0000  2.174E+12  1.789E+10  1.576E+09  1.216E+09  3.907E+09  2.541E+11  1.519E+13  1.269E+14  2.939E+14  4.181E+14  5.014E+14  5.563E+14  5.914E+14  6.123E+14  6.225E+14  6.243E+14  6.180E+14  6.021E+14  5.739E+14  5.288E+14  4.595E+14  3.555E+14  2.058E+14  4.706E+13
  555.0000  2.124E+12  1.698E+10  1.562E+09  1.206E+09  3.773E+09  2.434E+11  1.497E+13  1.282E+14  2.953E+14  4.187E+14  5.013E+14  5.556E+14  5.903E+14  6.110E+14  6.211E+14  6.228E+14  6.167E+14  6.010E+14  5.731E+14  5.284E+14  4.598E+14  3.566E+14  2.074E+14  4.733E+13
  560.0000  1.960E+12  1.533E+10  1.494E+09  1.152E+09  3.496E+09  2.203E+11  1.412E+13  1.253E+14  2.891E+14  4.098E+14  4.906E+14  5.438E+14  5.778E+14  5.980E+14  6.079E+14  6.096E+14  6.036E+14  5.882E+14  5.608E+14  5.171E+14  4.500E+14  3.491E+14  2.029E+14  4.582E+13
  565.0000  1.848E+12  1.418E+10  1.465E+09  1.128E+09  3.324E+09  2.038E+11  1.363E+13  1.255E+14  2.903E+14  4.118E+14  4.931E+14  5.466E+14  5.808E+14  6.012E+14  6.112E+14  6.129E+14  6.068E+14  5.913E+14  5.638E+14  5.197E+14  4.522E+14  3.507E+14  2.036E+14  4.546E+13
  570.0000  1.777E+12  1.335E+10  1.443E+09  1.110E+09  3.200E+09  1.928E+11  1.329E+13  1.258E+14  2.906E+14  4.118E+14  4.929E+14  5.463E+14  5.804E+14  6.007E+14  6.107E+14  6.124E+14  6.063E+14  5.908E+14  5.634E+14  5.195E+14  4.522E+14  3.509E+14  2.040E+14  4.528E+13
  575.0000  1.795E+12  1.315E+10  1.471E+09  1.131E+09  3.210E+09  1.923E+11  1.348E+13  1.298E+14  2.988E+14  4.224E+14  5.049E+14  5.592E+14  5.939E+14  6.146E+14  6.247E+14  6.265E+14  6.203E+14  6.045E+14  5.766E+14  5.320E+14  4.635E+14  3.603E+14  2.102E+14  4.666E+13
  580.0000  1.857E+12  1.323E+10  1.484E+09  1.143E+09  3.236E+09  1.976E+11  1.371E+13  1.318E+14  2.998E+14  4.215E+14  5.024E+14  5.555E+14  5.895E+14  6.097E+14  6.196E+14  6.213E+14  6.152E+14  5.998E+14  5.726E+14  5.289E+14  4.618E+14  3.604E+14  2.120E+14  4.766E+13
  585.0000  1.960E+12  1.366E+10  1.526E+09  1.178E+09  3.327E+09  2.077E+11  1.422E+13  1.361E+14  3.060E+14  4.279E+14  5.086E+14  5.614E+14  5.951E+14  6.152E+14  6.250E+14  6.268E+14  6.207E+14  6.055E+14  5.783E+14  5.349E+14  4.681E+14  3.668E+14  2.176E+14  4.959E+13
  590.0000  1.930E+12  1.309E+10  1.491E+09  1.152E+09  3.225E+09  2.028E+11  1.391E+13  1.342E+14  2.996E+14  4.174E+14  4.951E+14  5.460E+14  5.785E+14  5.978E+14  6.073E+14  6.089E+14  6.031E+14  5.884E+14  5.623E+14  5.205E+14  4.561E+14  3.584E+14  2.137E+14  4.903E+13
  595.0000  1.903E+12  1.265E+10  1.504E+09  1.160E+09  3.187E+09  1.971E+11  1.389E+13  1.377E+14  3.072E+14  4.278E+14  5.075E+14  5.596E+14  5.928E+14  6.126E+14  6.223E+14  6.240E+14  6.181E+14  6.030E+14  5.763E+14  5.334E+14  4.675E+14  3.675E+14  2.193E+14  5.005E+13
  600.0000  1.764E+12  1.151E+10  1.441E+09  1.109E+09  2.983E+09  1.799E+11  1.313E+13  1.344E+14  3.006E+14  4.188E+14  4.969E+14  5.481E+14  5.807E+14  6.002E+14  6.097E+14  6.114E+14  6.056E+14  5.907E+14  5.645E+14  5.224E+14  4.577E+14  3.596E+14  2.143E+14  4.852E+13
  605.0000  1.810E+12  1.151E+10  1.471E+09  1.133E+09  3.020E+09  1.832E+11  1.341E+13  1.386E+14  3.080E+14  4.278E+14  5.068E+14  5.585E+14  5.915E+14  6.112E+14  6.208E+14  6.225E+14  6.166E+14  6.016E+14  5.751E+14  5.326E+14  4.672E+14  3.679E+14  2.202E+14  5.015E+13
  610.0000  1.947E+12  1.203E+10  1.511E+09  1.168E+09  3.125E+09  1.976E+11  1.400E+13  1.423E+14  3.114E+14  4.296E+14  5.071E+14  5.578E+14  5.900E+14  6.092E+14  6.186E+14  6.203E+14  6.145E+14  5.999E+14  5.739E+14  5.324E+14  4.683E+14  3.706E+14  2.243E+14  5.216E+13
  615.0000  2.091E+12  1.256E+10  1.544E+09  1.198E+09  3.225E+09  2.138E+11  1.454E+13  1.449E+14  3.118E+14  4.269E+14  5.021E+14  5.510E+14  5.821E+14  6.007E+14  6.097E+14  6.113E+14  6.057E+14  5.916E+14  5.666E+14  5.265E+14  4.645E+14  3.696E+14  2.262E+14  5.385E+13
  620.0000  2.296E+12  1.353E+10  1.628E+09  1.267E+09  3.426E+09  2.362E+11  1.552E+13  1.525E+14  3.235E+14  4.401E+14  5.158E+14  5.650E+14  5.963E+14  6.150E+14  6.240E+14  6.256E+14  6.200E+14  6.059E+14  5.808E+14  5.404E+14  4.779E+14  3.821E+14  2.362E+14  5.735E+13
  625.0000  2.396E+12  1.379E+10  1.645E+09  1.284E+09  3.476E+09  2.475E+11  1.583E+13  1.541E+14  3.229E+14  4.369E+14  5.106E+14  5.585E+14  5.888E+14  6.069E+14  6.157E+14  6.173E+14  6.119E+14  5.981E+14  5.737E+14  5.345E+14  4.737E+14  3.802E+14  2.370E+14  5.854E+13
  630.0000  2.570E+12  1.448E+10  1.706E+09  1.335E+09  3.625E+09  2.675E+11  1.656E+13  1.595E+14  3.300E+14  4.439E+14  5.173E+14  5.649E+14  5.951E+14  6.130E+14  6.217E+14  6.233E+14  6.179E+14  6.043E+14  5.800E+14  5.411E+14  4.806E+14  3.874E+14  2.436E+14  6.124E+13
  635.0000  2.747E+12  1.527E+10  1.760E+09  1.382E+09  3.767E+09  2.886E+11  1.724E+13  1.639E+14  3.346E+14  4.475E+14  5.199E+14  5.668E+14  5.965E+14  6.141E+14  6.227E+14  6.242E+14  6.189E+14  6.055E+14  5.817E+14  5.433E+14  4.837E+14  3.915E+14  2.485E+14  6.366E+13
  640.0000  2.928E+12  1.596E+10  1.811E+09  1.426E+09  3.905E+09  3.110E+11  1.788E+13  1.677E+14  3.378E+14  4.490E+14  5.202E+14  5.661E+14  5.951E+14  6.124E+14  6.208E+14  6.222E+14  6.171E+14  6.040E+14  5.807E+14  5.431E+14  4.847E+14  3.940E+14  2.523E+14  6.590E+13
  644.8000  3.109E+12  1.666E+10  1.867E+09  1.474E+09  4.049E+09  3.335E+11  1.854E+13  1.720E+14  3.423E+14  4.526E+14  5.229E+14  5.682E+14  5.969E+14  6.139E+14  6.221E+14  6.236E+14  6.185E+14  6.056E+14  5.826E+14  5.455E+14  4.878E+14  3.981E+14  2.570E+14  6.830E+13
  651.0500  3.292E+12  1.735E+10  1.917E+09  1.519E+09  4.176E+09  3.571E+11  1.915E+13  1.760E+14  3.456E+14  4.543E+14  5.232E+14  5.676E+14  5.956E+14  6.123E+14  6.204E+14  6.218E+14  6.168E+14  6.042E+14  5.817E+14  5.454E+14  4.888E+14  4.007E+14  2.610E+14  7.071E+13
  660.0000  3.453E+12  1.784E+10  1.928E+09  1.534E+09  4.227E+09  3.810E+11  1.938E+13  1.757E+14  3.384E+14  4.411E+14  5.059E+14  5.475E+14  5.738E+14  5.893E+14  5.969E+14  5.982E+14  5.936E+14  5.818E+14  5.607E+14  5.267E+14  4.736E+14  3.905E+14  2.577E+14  7.177E+13
  670.0000  3.958E+12  1.998E+10  2.115E+09  1.692E+09  4.670E+09  4.463E+11  2.136E+13  1.906E+14  3.595E+14  4.643E+14  5.301E+14  5.722E+14  5.988E+14  6.146E+14  6.222E+14  6.235E+14  6.189E+14  6.069E+14  5.856E+14  5.512E+14  4.974E+14  4.128E+14  2.763E+14  7.934E+13
  680.0000  4.269E+12  2.118E+10  2.204E+09  1.772E+09  4.880E+09  4.911E+11  2.230E+13  1.967E+14  3.643E+14  4.667E+14  5.307E+14  5.716E+14  5.974E+14  6.126E+14  6.200E+14  6.213E+14  6.168E+14  6.052E+14  5.845E+14  5.511E+14  4.989E+14  4.165E+14  2.823E+14  8.331E+13
  690.0000  4.550E+12  2.204E+10  2.287E+09  1.846E+09  5.057E+09  5.326E+11  2.316E+13  2.028E+14  3.695E+14  4.701E+14  5.326E+14  5.726E+14  5.977E+14  6.126E+14  6.198E+14  6.211E+14  6.167E+14  6.054E+14  5.852E+14  5.526E+14  5.015E+14  4.209E+14  2.884E+14  8.720E+13
  700.0000  4.835E+12  2.300E+10  2.371E+09  1.922E+09  5.232E+09  5.767E+11  2.398E+13  2.084E+14  3.735E+14  4.720E+14  5.329E+14  5.717E+14  5.962E+14  6.107E+14  6.177E+14  6.189E+14  6.146E+14  6.036E+14  5.840E+14  5.523E+14  5.026E+14  4.239E+14  2.936E+14  9.097E+13
  710.0000  4.987E+12  2.331E+10  2.407E+09  1.958E+09  5.276E+09  6.033E+11  2.434E+13  2.113E+14  3.738E+14  4.697E+14  5.289E+14  5.666E+14  5.903E+14  6.044E+14  6.112E+14  6.124E+14  6.082E+14  5.976E+14  5.785E+14  5.477E+14  4.995E+14  4.229E+14  2.954E+14  9.336E+13
  720.0000  5.058E+12  2.311E+10  2.411E+09  1.967E+09  5.235E+09  6.196E+11  2.437E+13  2.116E+14  3.699E+14  4.625E+14  5.195E+14  5.558E+14  5.787E+14  5.922E+14  5.988E+14  5.999E+14  5.959E+14  5.856E+14  5.673E+14  5.376E+14  4.912E+14  4.174E+14  2.939E+14  9.458E+13
  730.0000  5.208E+12  2.355E+10  2.450E+09  2.005E+09  5.284E+09  6.476E+11  2.473E+13  2.142E+14  3.700E+14  4.602E+14  5.155E+14  5.507E+14  5.729E+14  5.861E+14  5.925E+14  5.936E+14  5.897E+14  5.797E+14  5.619E+14  5.331E+14  4.880E+14  4.162E+14  2.955E+14  9.693E+13
------------------------------------------------------------
Photolysis rate coefficients, s-1
   1 = O3 -> O2 + O(1D)                                  
   2 = H2O2 -> 2 OH                                      
   3 = NO2 -> NO + O(3P)                                 
   4 = NO3 -> NO + O2                                    
   5 = NO3 -> NO2 + O(3P)                                
   6 = CH2O -> H + HCO                                   
   7 = CH2O -> H2 + CO                                   
values at z =      0.500 km
Columns: time, sza, photo-reactions
time, hrs.  sza, deg.          1          2          3          4          5          6          7
    0.0000     92.052  1.259E-08  1.634E-08  4.031E-05  7.924E-05  7.004E-04  4.094E-08  1.249E-07
    1.0000     95.790  2.303E-10  2.894E-10  6.582E-07  4.986E-07  6.047E-06  7.584E-10  2.235E-09
    2.0000     97.934  1.110E-11  8.558E-12  1.960E-08  6.013E-08  4.946E-07  2.611E-11  6.266E-11
    3.0000     98.319  5.860E-12  5.584E-12  1.341E-08  4.654E-08  3.801E-07  1.668E-11  4.119E-11
    4.0000     96.915  3.685E-11  4.199E-11  1.006E-07  1.266E-07  1.285E-06  1.081E-10  3.192E-10
    5.0000     93.831  2.956E-09  3.292E-09  7.477E-06  8.170E-06  8.467E-05  8.853E-09  2.519E-08
    6.0000     89.289  5.271E-08  8.247E-08  2.086E-04  5.612E-04  4.774E-03  2.083E-07  6.348E-07
    7.0000     83.577  3.001E-07  4.268E-07  9.998E-04  5.574E-03  3.963E-02  1.277E-06  3.266E-06
    8.0000     77.007  1.146E-06  1.204E-06  2.638E-03  1.219E-02  9.159E-02  4.027E-06  8.954E-06
    9.0000     69.906  3.358E-06  2.426E-06  4.650E-03  1.682E-02  1.305E-01  8.883E-06  1.761E-05
   10.0000     62.613  7.448E-06  3.827E-06  6.464E-03  1.986E-02  1.568E-01  1.498E-05  2.710E-05
   11.0000     55.513  1.303E-05  5.151E-06  7.882E-03  2.185E-02  1.742E-01  2.105E-05  3.559E-05
   12.0000     49.081  1.901E-05  6.238E-06  8.894E-03  2.311E-02  1.853E-01  2.620E-05  4.224E-05
   13.0000     43.923  2.411E-05  7.011E-06  9.545E-03  2.386E-02  1.920E-01  2.993E-05  4.680E-05
   14.0000     40.744  2.722E-05  7.434E-06  9.878E-03  2.423E-02  1.952E-01  3.199E-05  4.922E-05
   15.0000     40.136  2.782E-05  7.512E-06  9.938E-03  2.430E-02  1.958E-01  3.237E-05  4.967E-05
   16.0000     42.227  2.580E-05  7.245E-06  9.732E-03  2.407E-02  1.938E-01  3.107E-05  4.815E-05
   17.0000     46.592  2.145E-05  6.622E-06  9.224E-03  2.350E-02  1.887E-01  2.805E-05  4.452E-05
   18.0000     52.537  1.572E-05  5.669E-06  8.379E-03  2.248E-02  1.798E-01  2.349E-05  3.880E-05
   19.0000     59.398  9.807E-06  4.438E-06  7.147E-03  2.085E-02  1.655E-01  1.775E-05  3.107E-05
   20.0000     66.645  4.955E-06  3.048E-06  5.504E-03  1.834E-02  1.436E-01  1.154E-05  2.188E-05
   21.0000     73.861  1.923E-06  1.711E-06  3.540E-03  1.451E-02  1.109E-01  5.975E-06  1.259E-05
   22.0000     80.688  5.684E-07  7.157E-07  1.645E-03  8.778E-03  6.411E-02  2.263E-06  5.401E-06
   23.0000     86.797  1.263E-07  1.982E-07  4.807E-04  2.053E-03  1.485E-02  5.416E-07  1.531E-06
------------------------------------------------------------
