Spectral actinic flux, quanta cm-2 s-1 nm-1
values at z =      0.500 km
Columns: wavelength (nm), times (hrs.) or sza (deg.)
    wc, nm      0.000      1.000      2.000      3.000      4.000      5.000      6.000      7.000      8.000      9.000     10.000     11.000     12.000     13.000     14.000     15.000     16.000     17.000     18.000     19.000     20.000     21.000     22.000     23.000
    sza =      91.880     95.619     97.764     98.153     96.755     93.679     89.144     83.437     76.872     69.771     62.474     55.366     48.922     43.749     40.556     39.938     42.030     46.402     52.354     59.222     66.475     73.693     80.521     86.630
  120.7000  0.000E+00  0.000E+00  0.000E+00  0.000E+00  0.000E+00  0.000E+00  0.000E+00  0.000E+00  0.000E+00  0.000E+00  0.000E+00  0.000E+00  0.000E+00  0.000E+00  0.000E+00  0.000E+00  0.000E+00  0.000E+00  0.000E+00  0.000E+00  0.000E+00  0.000E+00  0.000E+00  0.000E+00
  121.6500  0.000E+00  0.000E+00  0.000E+00  0.000E+00  0.000E+00  0.000E+00  0.000E+00  0.000E+00  0.000E+00  0.000E+00  0.000E+00  0.000E+00  0.000E+00  0.000E+00  0.000E+00  0.000E+00  0.000E+00  0.000E+00  0.000E+00  0.000E+00  0.000E+00  0.000E+00  0.000E+00  0.000E+00
  122.1000  0.000E+00  0.000E+00  0.000E+00  0.000E+00  0.000E+00  0.000E+00  0.000E+00  0.000E+00  0.000E+00  0.000E+00  0.000E+00  0.000E+00  0.000E+00  0.000E+00  0.000E+00  0.000E+00  0.000E+00  0.000E+00  0.000E+00  0.000E+00  0.000E+00  0.000E+00  0.000E+00  0.000E+00
  122.7000  0.000E+00  0.000E+00  0.000E+00  0.000E+00  0.000E+00  0.000E+00  0.000E+00  0.000E+00  0.000E+00  0.000E+00  0.000E+00  0.000E+00  0.000E+00  0.000E+00  0.000E+00  0.000E+00  0.000E+00  0.000E+00  0.000E+00  0.000E+00  0.000E+00  0.000E+00  0.000E+00  0.000E+00
  123.4500  0.000E+00  0.000E+00  0.000E+00  0.000E+00  0.000E+00  0.000E+00  0.000E+00  0.000E+00  0.000E+00  0.000E+00  0.000E+00  0.000E+00  0.000E+00  0.000E+00  0.000E+00  0.000E+00  0.000E+00  0.000E+00  0.000E+00  0.000E+00  0.000E+00  0.000E+00  0.000E+00  0.000E+00
  124.2000  0.000E+00  0.000E+00  0.000E+00  0.000E+00  0.000E+00  0.000E+00  0.000E+00  0.000E+00  0.000E+00  0.000E+00  0.000E+00  0.000E+00  0.000E+00  0.000E+00  0.000E+00  0.000E+00  0.000E+00  0.000E+00  0.000E+00  0.000E+00  0.000E+00  0.000E+00  0.000E+00  0.000E+00
  125.0000  0.000E+00  0.000E+00  0.000E+00  0.000E+00  0.000E+00  0.000E+00  0.000E+00  0.000E+00  0.000E+00  0.000E+00  0.000E+00  0.000E+00  0.000E+00  0.000E+00  0.000E+00  0.000E+00  0.000E+00  0.000E+00  0.000E+00  0.000E+00  0.000E+00  0.000E+00  0.000E+00  0.000E+00
  125.8000  0.000E+00  0.000E+00  0.000E+00  0.000E+00  0.000E+00  0.000E+00  0.000E+00  0.000E+00  0.000E+00  0.000E+00  0.000E+00  0.000E+00  0.000E+00  0.000E+00  0.000E+00  0.000E+00  0.000E+00  0.000E+00  0.000E+00  0.000E+00  0.000E+00  0.000E+00  0.000E+00  0.000E+00
  126.6000  0.000E+00  0.000E+00  0.000E+00  0.000E+00  0.000E+00  0.000E+00  0.000E+00  0.000E+00  0.000E+00  0.000E+00  0.000E+00  0.000E+00  0.000E+00  0.000E+00  0.000E+00  0.000E+00  0.000E+00  0.000E+00  0.000E+00  0.000E+00  0.000E+00  0.000E+00  0.000E+00  0.000E+00
  127.8000  0.000E+00  0.000E+00  0.000E+00  0.000E+00  0.000E+00  0.000E+00  0.000E+00  0.000E+00  0.000E+00  0.000E+00  0.000E+00  0.000E+00  0.000E+00  0.000E+00  0.000E+00  0.000E+00  0.000E+00  0.000E+00  0.000E+00  0.000E+00  0.000E+00  0.000E+00  0.000E+00  0.000E+00
  129.0000  0.000E+00  0.000E+00  0.000E+00  0.000E+00  0.000E+00  0.000E+00  0.000E+00  0.000E+00  0.000E+00  0.000E+00  0.000E+00  0.000E+00  0.000E+00  0.000E+00  0.000E+00  0.000E+00  0.000E+00  0.000E+00  0.000E+00  0.000E+00  0.000E+00  0.000E+00  0.000E+00  0.000E+00
  129.8500  0.000E+00  0.000E+00  0.000E+00  0.000E+00  0.000E+00  0.000E+00  0.000E+00  0.000E+00  0.000E+00  0.000E+00  0.000E+00  0.000E+00  0.000E+00  0.000E+00  0.000E+00  0.000E+00  0.000E+00  0.000E+00  0.000E+00  0.000E+00  0.000E+00  0.000E+00  0.000E+00  0.000E+00
  131.1500  0.000E+00  0.000E+00  0.000E+00  0.000E+00  0.000E+00  0.000E+00  0.000E+00  0.000E+00  0.000E+00  0.000E+00  0.000E+00  0.000E+00  0.000E+00  0.000E+00  0.000E+00  0.000E+00  0.000E+00  0.000E+00  0.000E+00  0.000E+00  0.000E+00  0.000E+00  0.000E+00  0.000E+00
  133.5000  0.000E+00  0.000E+00  0.000E+00  0.000E+00  0.000E+00  0.000E+00  0.000E+00  0.000E+00  0.000E+00  0.000E+00  0.000E+00  0.000E+00  0.000E+00  0.000E+00  0.000E+00  0.000E+00  0.000E+00  0.000E+00  0.000E+00  0.000E+00  0.000E+00  0.000E+00  0.000E+00  0.000E+00
  136.0000  0.000E+00  0.000E+00  0.000E+00  0.000E+00  0.000E+00  0.000E+00  0.000E+00  0.000E+00  0.000E+00  0.000E+00  0.000E+00  0.000E+00  0.000E+00  0.000E+00  0.000E+00  0.000E+00  0.000E+00  0.000E+00  0.000E+00  0.000E+00  0.000E+00  0.000E+00  0.000E+00  0.000E+00
  141.0000  0.000E+00  0.000E+00  0.000E+00  0.000E+00  0.000E+00  0.000E+00  0.000E+00  0.000E+00  0.000E+00  0.000E+00  0.000E+00  0.000E+00  0.000E+00  0.000E+00  0.000E+00  0.000E+00  0.000E+00  0.000E+00  0.000E+00  0.000E+00  0.000E+00  0.000E+00  0.000E+00  0.000E+00
  150.0000  0.000E+00  0.000E+00  0.000E+00  0.000E+00  0.000E+00  0.000E+00  0.000E+00  0.000E+00  0.000E+00  0.000E+00  0.000E+00  0.000E+00  0.000E+00  0.000E+00  0.000E+00  0.000E+00  0.000E+00  0.000E+00  0.000E+00  0.000E+00  0.000E+00  0.000E+00  0.000E+00  0.000E+00
  160.0000  0.000E+00  0.000E+00  0.000E+00  0.000E+00  0.000E+00  0.000E+00  0.000E+00  0.000E+00  0.000E+00  0.000E+00  0.000E+00  0.000E+00  0.000E+00  0.000E+00  0.000E+00  0.000E+00  0.000E+00  0.000E+00  0.000E+00  0.000E+00  0.000E+00  0.000E+00  0.000E+00  0.000E+00
  167.5000  0.000E+00  0.000E+00  0.000E+00  0.000E+00  0.000E+00  0.000E+00  0.000E+00  0.000E+00  0.000E+00  0.000E+00  0.000E+00  0.000E+00  0.000E+00  0.000E+00  0.000E+00  0.000E+00  0.000E+00  0.000E+00  0.000E+00  0.000E+00  0.000E+00  0.000E+00  0.000E+00  0.000E+00
  172.2000  0.000E+00  0.000E+00  0.000E+00  0.000E+00  0.000E+00  0.000E+00  0.000E+00  0.000E+00  0.000E+00  0.000E+00  0.000E+00  0.000E+00  0.000E+00  0.000E+00  0.000E+00  0.000E+00  0.000E+00  0.000E+00  0.000E+00  0.000E+00  0.000E+00  0.000E+00  0.000E+00  0.000E+00
  175.7000  0.000E+00  0.000E+00  0.000E+00  0.000E+00  0.000E+00  0.000E+00  0.000E+00  0.000E+00  0.000E+00  0.000E+00  0.000E+00  0.000E+00  0.000E+00  0.000E+00  0.000E+00  0.000E+00  0.000E+00  0.000E+00  0.000E+00  0.000E+00  0.000E+00  0.000E+00  0.000E+00  0.000E+00
  177.8000  0.000E+00  0.000E+00  0.000E+00  0.000E+00  0.000E+00  0.000E+00  0.000E+00  0.000E+00  0.000E+00  0.000E+00  0.000E+00  0.000E+00  0.000E+00  0.000E+00  0.000E+00  0.000E+00  0.000E+00  0.000E+00  0.000E+00  0.000E+00  0.000E+00  0.000E+00  0.000E+00  0.000E+00
  179.4000  0.000E+00  0.000E+00  0.000E+00  0.000E+00  0.000E+00  0.000E+00  0.000E+00  0.000E+00  0.000E+00  0.000E+00  0.000E+00  0.000E+00  0.000E+00  0.000E+00  0.000E+00  0.000E+00  0.000E+00  0.000E+00  0.000E+00  0.000E+00  0.000E+00  0.000E+00  0.000E+00  0.000E+00
  181.0000  0.000E+00  0.000E+00  0.000E+00  0.000E+00  0.000E+00  0.000E+00  0.000E+00  0.000E+00  0.000E+00  0.000E+00  0.000E+00  0.000E+00  0.000E+00  0.000E+00  0.000E+00  0.000E+00  0.000E+00  0.000E+00  0.000E+00  0.000E+00  0.000E+00  0.000E+00  0.000E+00  0.000E+00
  182.6500  0.000E+00  0.000E+00  0.000E+00  0.000E+00  0.000E+00  0.000E+00  0.000E+00  0.000E+00  0.000E+00  0.000E+00  0.000E+00  0.000E+00  0.000E+00  0.000E+00  0.000E+00  0.000E+00  0.000E+00  0.000E+00  0.000E+00  0.000E+00  0.000E+00  0.000E+00  0.000E+00  0.000E+00
  184.3500  0.000E+00  0.000E+00  0.000E+00  0.000E+00  0.000E+00  0.000E+00  0.000E+00  0.000E+00  0.000E+00  0.000E+00  0.000E+00  0.000E+00  0.000E+00  0.000E+00  0.000E+00  0.000E+00  0.000E+00  0.000E+00  0.000E+00  0.000E+00  0.000E+00  0.000E+00  0.000E+00  0.000E+00
  186.0500  0.000E+00  0.000E+00  0.000E+00  0.000E+00  0.000E+00  0.000E+00  0.000E+00  0.000E+00  0.000E+00  0.000E+00  0.000E+00  0.000E+00  0.000E+00  0.000E+00  0.000E+00  0.000E+00  0.000E+00  0.000E+00  0.000E+00  0.000E+00  0.000E+00  0.000E+00  0.000E+00  0.000E+00
  187.8000  0.000E+00  0.000E+00  0.000E+00  0.000E+00  0.000E+00  0.000E+00  0.000E+00  0.000E+00  0.000E+00  0.000E+00  0.000E+00  0.000E+00  0.000E+00  0.000E+00  0.000E+00  0.000E+00  0.000E+00  0.000E+00  0.000E+00  0.000E+00  0.000E+00  0.000E+00  0.000E+00  0.000E+00
  189.6000  0.000E+00  0.000E+00  0.000E+00  0.000E+00  0.000E+00  0.000E+00  0.000E+00  0.000E+00  0.000E+00  0.000E+00  0.000E+00  0.000E+00  0.000E+00  0.000E+00  0.000E+00  0.000E+00  0.000E+00  0.000E+00  0.000E+00  0.000E+00  0.000E+00  0.000E+00  0.000E+00  0.000E+00
  191.4000  0.000E+00  0.000E+00  0.000E+00  0.000E+00  0.000E+00  0.000E+00  0.000E+00  0.000E+00  0.000E+00  0.000E+00  0.000E+00  0.000E+00  0.000E+00  0.000E+00  0.000E+00  0.000E+00  0.000E+00  0.000E+00  0.000E+00  0.000E+00  0.000E+00  0.000E+00  0.000E+00  0.000E+00
  193.2500  0.000E+00  0.000E+00  0.000E+00  0.000E+00  0.000E+00  0.000E+00  0.000E+00  0.000E+00  0.000E+00  0.000E+00  0.000E+00  0.000E+00  0.000E+00  0.000E+00  0.000E+00  0.000E+00  0.000E+00  0.000E+00  0.000E+00  0.000E+00  0.000E+00  0.000E+00  0.000E+00  0.000E+00
  195.1500  0.000E+00  0.000E+00  0.000E+00  0.000E+00  0.000E+00  0.000E+00  0.000E+00  0.000E+00  0.000E+00  0.000E+00  0.000E+00  0.000E+00  0.000E+00  0.000E+00  0.000E+00  0.000E+00  0.000E+00  0.000E+00  0.000E+00  0.000E+00  0.000E+00  0.000E+00  0.000E+00  0.000E+00
  197.0500  0.000E+00  0.000E+00  0.000E+00  0.000E+00  0.000E+00  0.000E+00  0.000E+00  0.000E+00  0.000E+00  0.000E+00  0.000E+00  0.000E+00  0.000E+00  0.000E+00  0.000E+00  0.000E+00  0.000E+00  0.000E+00  0.000E+00  0.000E+00  0.000E+00  0.000E+00  0.000E+00  0.000E+00
  199.0000  0.000E+00  0.000E+00  0.000E+00  0.000E+00  0.000E+00  0.000E+00  0.000E+00  0.000E+00  0.000E+00  0.000E+00  0.000E+00  0.000E+00  0.000E+00  0.000E+00  0.000E+00  0.000E+00  0.000E+00  0.000E+00  0.000E+00  0.000E+00  0.000E+00  0.000E+00  0.000E+00  0.000E+00
  201.0000  0.000E+00  0.000E+00  0.000E+00  0.000E+00  0.000E+00  0.000E+00  0.000E+00  0.000E+00  0.000E+00  0.000E+00  0.000E+00  0.000E+00  0.000E+00  0.000E+00  0.000E+00  0.000E+00  0.000E+00  0.000E+00  0.000E+00  0.000E+00  0.000E+00  0.000E+00  0.000E+00  0.000E+00
  203.0500  0.000E+00  0.000E+00  0.000E+00  0.000E+00  0.000E+00  0.000E+00  0.000E+00  0.000E+00  0.000E+00  0.000E+00  0.000E+00  0.000E+00  0.000E+00  0.000E+00  0.000E+00  0.000E+00  0.000E+00  0.000E+00  0.000E+00  0.000E+00  0.000E+00  0.000E+00  0.000E+00  0.000E+00
  204.9500  0.000E+00  0.000E+00  0.000E+00  0.000E+00  0.000E+00  0.000E+00  0.000E+00  0.000E+00  0.000E+00  0.000E+00  0.000E+00  0.000E+00  0.000E+00  0.000E+00  0.000E+00  0.000E+00  0.000E+00  0.000E+00  0.000E+00  0.000E+00  0.000E+00  0.000E+00  0.000E+00  0.000E+00
  207.0665  0.000E+00  0.000E+00  0.000E+00  0.000E+00  0.000E+00  0.000E+00  0.000E+00  0.000E+00  0.000E+00  0.000E+00  0.000E+00  0.000E+00  0.000E+00  0.000E+00  0.000E+00  0.000E+00  0.000E+00  0.000E+00  0.000E+00  0.000E+00  0.000E+00  0.000E+00  0.000E+00  0.000E+00
  209.4295  0.000E+00  0.000E+00  0.000E+00  0.000E+00  0.000E+00  0.000E+00  0.000E+00  0.000E+00  0.000E+00  0.000E+00  0.000E+00  0.000E+00  0.000E+00  0.000E+00  0.000E+00  0.000E+00  0.000E+00  0.000E+00  0.000E+00  0.000E+00  0.000E+00  0.000E+00  0.000E+00  0.000E+00
  211.6460  0.000E+00  0.000E+00  0.000E+00  0.000E+00  0.000E+00  0.000E+00  0.000E+00  0.000E+00  0.000E+00  0.000E+00  0.000E+00  0.000E+00  0.000E+00  0.000E+00  0.000E+00  0.000E+00  0.000E+00  0.000E+00  0.000E+00  0.000E+00  0.000E+00  0.000E+00  0.000E+00  0.000E+00
  213.9100  0.000E+00  0.000E+00  0.000E+00  0.000E+00  0.000E+00  0.000E+00  0.000E+00  0.000E+00  0.000E+00  0.000E+00  0.000E+00  0.000E+00  0.000E+00  0.000E+00  0.000E+00  0.000E+00  0.000E+00  0.000E+00  0.000E+00  0.000E+00  0.000E+00  0.000E+00  0.000E+00  0.000E+00
  216.2225  0.000E+00  0.000E+00  0.000E+00  0.000E+00  0.000E+00  0.000E+00  0.000E+00  0.000E+00  0.000E+00  0.000E+00  0.000E+00  0.000E+00  0.000E+00  0.000E+00  0.000E+00  0.000E+00  0.000E+00  0.000E+00  0.000E+00  0.000E+00  0.000E+00  0.000E+00  0.000E+00  0.000E+00
  218.5855  0.000E+00  0.000E+00  0.000E+00  0.000E+00  0.000E+00  0.000E+00  0.000E+00  0.000E+00  0.000E+00  0.000E+00  0.000E+00  0.000E+00  0.000E+00  0.000E+00  0.000E+00  0.000E+00  0.000E+00  0.000E+00  0.000E+00  0.000E+00  0.000E+00  0.000E+00  0.000E+00  0.000E+00
  221.0010  0.000E+00  0.000E+00  0.000E+00  0.000E+00  0.000E+00  0.000E+00  0.000E+00  0.000E+00  0.000E+00  0.000E+00  0.000E+00  0.000E+00  0.000E+00  0.000E+00  0.000E+00  0.000E+00  0.000E+00  0.000E+00  0.000E+00  0.000E+00  0.000E+00  0.000E+00  0.000E+00  0.000E+00
  223.4705  0.000E+00  0.000E+00  0.000E+00  0.000E+00  0.000E+00  0.000E+00  0.000E+00  0.000E+00  0.000E+00  0.000E+00  0.000E+00  0.000E+00  0.000E+00  0.000E+00  0.000E+00  0.000E+00  0.000E+00  0.000E+00  0.000E+00  0.000E+00  0.000E+00  0.000E+00  0.000E+00  0.000E+00
  225.9960  0.000E+00  0.000E+00  0.000E+00  0.000E+00  0.000E+00  0.000E+00  0.000E+00  0.000E+00  0.000E+00  0.000E+00  0.000E+00  0.000E+00  0.000E+00  0.000E+00  0.000E+00  0.000E+00  0.000E+00  0.000E+00  0.000E+00  0.000E+00  0.000E+00  0.000E+00  0.000E+00  0.000E+00
  228.5790  0.000E+00  0.000E+00  0.000E+00  0.000E+00  0.000E+00  0.000E+00  0.000E+00  0.000E+00  0.000E+00  0.000E+00  0.000E+00  0.000E+00  0.000E+00  0.000E+00  0.000E+00  0.000E+00  0.000E+00  0.000E+00  0.000E+00  0.000E+00  0.000E+00  0.000E+00  0.000E+00  0.000E+00
  231.2215  0.000E+00  0.000E+00  0.000E+00  0.000E+00  0.000E+00  0.000E+00  0.000E+00  0.000E+00  0.000E+00  0.000E+00  0.000E+00  0.000E+00  0.000E+00  0.000E+00  0.000E+00  0.000E+00  0.000E+00  0.000E+00  0.000E+00  0.000E+00  0.000E+00  0.000E+00  0.000E+00  0.000E+00
  233.9260  0.000E+00  0.000E+00  0.000E+00  0.000E+00  0.000E+00  0.000E+00  0.000E+00  0.000E+00  0.000E+00  0.000E+00  0.000E+00  0.000E+00  0.000E+00  0.000E+00  0.000E+00  0.000E+00  0.000E+00  0.000E+00  0.000E+00  0.000E+00  0.000E+00  0.000E+00  0.000E+00  0.000E+00
  236.6945  0.000E+00  0.000E+00  0.000E+00  0.000E+00  0.000E+00  0.000E+00  0.000E+00  0.000E+00  0.000E+00  0.000E+00  0.000E+00  0.000E+00  0.000E+00  0.000E+00  0.000E+00  0.000E+00  0.000E+00  0.000E+00  0.000E+00  0.000E+00  0.000E+00  0.000E+00  0.000E+00  0.000E+00
  239.5295  0.000E+00  0.000E+00  0.000E+00  0.000E+00  0.000E+00  0.000E+00  0.000E+00  0.000E+00  0.000E+00  0.000E+00  0.000E+00  0.000E+00  0.000E+00  0.000E+00  0.000E+00  0.000E+00  0.000E+00  0.000E+00  0.000E+00  0.000E+00  0.000E+00  0.000E+00  0.000E+00  0.000E+00
  242.4330  0.000E+00  0.000E+00  0.000E+00  0.000E+00  0.000E+00  0.000E+00  0.000E+00  0.000E+00  0.000E+00  0.000E+00  0.000E+00  0.000E+00  0.000E+00  0.000E+00  0.000E+00  0.000E+00  0.000E+00  0.000E+00  0.000E+00  0.000E+00  0.000E+00  0.000E+00  0.000E+00  0.000E+00
  245.4080  0.000E+00  0.000E+00  0.000E+00  0.000E+00  0.000E+00  0.000E+00  0.000E+00  0.000E+00  0.000E+00  0.000E+00  0.000E+00  0.000E+00  0.000E+00  0.000E+00  0.000E+00  0.000E+00  0.000E+00  0.000E+00  0.000E+00  0.000E+00  0.000E+00  0.000E+00  0.000E+00  0.000E+00
  248.4570  0.000E+00  0.000E+00  0.000E+00  0.000E+00  0.000E+00  0.000E+00  0.000E+00  0.000E+00  0.000E+00  0.000E+00  0.000E+00  0.000E+00  0.000E+00  0.000E+00  0.000E+00  0.000E+00  0.000E+00  0.000E+00  0.000E+00  0.000E+00  0.000E+00  0.000E+00  0.000E+00  0.000E+00
  251.5825  0.000E+00  0.000E+00  0.000E+00  0.000E+00  0.000E+00  0.000E+00  0.000E+00  0.000E+00  0.000E+00  0.000E+00  0.000E+00  0.000E+00  0.000E+00  0.000E+00  0.000E+00  0.000E+00  0.000E+00  0.000E+00  0.000E+00  0.000E+00  0.000E+00  0.000E+00  0.000E+00  0.000E+00
  254.7875  0.000E+00  0.000E+00  0.000E+00  0.000E+00  0.000E+00  0.000E+00  0.000E+00  0.000E+00  0.000E+00  0.000E+00  0.000E+00  0.000E+00  0.000E+00  0.000E+00  0.000E+00  0.000E+00  0.000E+00  0.000E+00  0.000E+00  0.000E+00  0.000E+00  0.000E+00  0.000E+00  0.000E+00
  258.0750  0.000E+00  0.000E+00  0.000E+00  0.000E+00  0.000E+00  0.000E+00  0.000E+00  0.000E+00  0.000E+00  0.000E+00  0.000E+00  0.000E+00  0.000E+00  0.000E+00  0.000E+00  0.000E+00  0.000E+00  0.000E+00  0.000E+00  0.000E+00  0.000E+00  0.000E+00  0.000E+00  0.000E+00
  261.4490  0.000E+00  0.000E+00  0.000E+00  0.000E+00  0.000E+00  0.000E+00  0.000E+00  0.000E+00  0.000E+00  0.000E+00  0.000E+00  0.000E+00  0.000E+00  0.000E+00  0.000E+00  0.000E+00  0.000E+00  0.000E+00  0.000E+00  0.000E+00  0.000E+00  0.000E+00  0.000E+00  0.000E+00
  264.9125  0.000E+00  0.000E+00  0.000E+00  0.000E+00  0.000E+00  0.000E+00  0.000E+00  0.000E+00  0.000E+00  0.000E+00  0.000E+00  0.000E+00  0.000E+00  0.000E+00  0.000E+00  0.000E+00  0.000E+00  0.000E+00  0.000E+00  0.000E+00  0.000E+00  0.000E+00  0.000E+00  0.000E+00
  268.4685  0.000E+00  0.000E+00  0.000E+00  0.000E+00  0.000E+00  0.000E+00  0.000E+00  0.000E+00  0.000E+00  0.000E+00  0.000E+00  0.000E+00  0.000E+00  0.000E+00  0.000E+00  0.000E+00  0.000E+00  0.000E+00  0.000E+00  0.000E+00  0.000E+00  0.000E+00  0.000E+00  0.000E+00
  272.1215  0.000E+00  0.000E+00  0.000E+00  0.000E+00  0.000E+00  0.000E+00  0.000E+00  0.000E+00  0.000E+00  0.000E+00  0.000E+00  0.000E+00  0.000E+00  0.000E+00  0.000E+00  0.000E+00  0.000E+00  0.000E+00  0.000E+00  0.000E+00  0.000E+00  0.000E+00  0.000E+00  0.000E+00
  275.8755  0.000E+00  0.000E+00  0.000E+00  0.000E+00  0.000E+00  0.000E+00  0.000E+00  0.000E+00  0.000E+00  0.000E+00  0.000E+00  0.000E+00  0.000E+00  0.000E+00  0.000E+00  0.000E+00  0.000E+00  0.000E+00  0.000E+00  0.000E+00  0.000E+00  0.000E+00  0.000E+00  0.000E+00
  279.7340  0.000E+00  0.000E+00  0.000E+00  0.000E+00  0.000E+00  0.000E+00  0.000E+00  0.000E+00  0.000E+00  0.000E+00  0.000E+00  0.000E+00  0.000E+00  0.000E+00  0.000E+00  0.000E+00  0.000E+00  0.000E+00  0.000E+00  0.000E+00  0.000E+00  0.000E+00  0.000E+00  0.000E+00
  283.7020  0.000E+00  0.000E+00  0.000E+00  0.000E+00  0.000E+00  0.000E+00  0.000E+00  0.000E+00  0.000E+00  0.000E+00  0.000E+00  0.000E+00  0.000E+00  0.000E+00  0.000E+00  0.000E+00  0.000E+00  0.000E+00  0.000E+00  0.000E+00  0.000E+00  0.000E+00  0.000E+00  0.000E+00
  287.7845  0.000E+00  0.000E+00  0.000E+00  0.000E+00  0.000E+00  0.000E+00  0.000E+00  0.000E+00  0.000E+00  0.000E+00  0.000E+00  0.000E+00  0.000E+00  0.000E+00  0.000E+00  0.000E+00  0.000E+00  0.000E+00  0.000E+00  0.000E+00  0.000E+00  0.000E+00  0.000E+00  0.000E+00
  291.9865  1.036E+05  1.738E+03  9.955E+01  2.247E+01  3.860E+02  2.499E+04  2.888E+05  6.764E+05  1.206E+06  2.116E+06  4.335E+06  1.879E+07  1.059E+08  3.458E+08  6.351E+08  7.077E+08  4.859E+08  1.943E+08  4.279E+07  7.446E+06  2.807E+06  1.551E+06  8.907E+05  4.590E+05
  296.3090  1.591E+07  2.883E+05  1.846E+04  6.066E+03  5.955E+04  3.972E+06  4.409E+07  1.095E+08  2.137E+08  4.438E+08  1.695E+09  8.802E+09  2.937E+10  6.175E+10  8.974E+10  9.589E+10  7.617E+10  4.313E+10  1.612E+10  3.676E+09  7.302E+08  2.894E+08  1.498E+08  7.165E+07
  300.5000  3.045E+08  5.932E+06  3.879E+05  1.641E+05  1.123E+06  7.845E+07  8.592E+08  2.364E+09  5.419E+09  1.939E+10  9.814E+10  3.310E+11  7.262E+11  1.165E+12  1.474E+12  1.537E+12  1.330E+12  9.278E+11  4.932E+11  1.803E+11  4.131E+10  8.742E+09  3.433E+09  1.455E+09
  303.0000  1.519E+09  3.086E+07  1.968E+06  9.365E+05  5.509E+06  3.973E+08  4.403E+09  1.335E+10  3.865E+10  1.908E+11  7.931E+11  2.062E+12  3.773E+12  5.416E+12  6.483E+12  6.693E+12  5.994E+12  4.551E+12  2.804E+12  1.285E+12  3.856E+11  7.670E+10  2.072E+10  7.771E+09
  304.0000  1.953E+09  4.020E+07  2.535E+06  1.247E+06  7.050E+06  5.126E+08  5.721E+09  1.797E+10  5.737E+10  2.945E+11  1.135E+12  2.760E+12  4.831E+12  6.752E+12  7.973E+12  8.212E+12  7.415E+12  5.747E+12  3.669E+12  1.779E+12  5.766E+11  1.187E+11  2.874E+10  1.025E+10
  305.0000  3.302E+09  6.912E+07  4.262E+06  2.182E+06  1.182E+07  8.706E+08  9.851E+09  3.285E+10  1.227E+11  6.319E+11  2.180E+12  4.861E+12  8.045E+12  1.087E+13  1.262E+13  1.296E+13  1.182E+13  9.403E+12  6.282E+12  3.273E+12  1.177E+12  2.635E+11  5.571E+10  1.808E+10
  306.0000  3.601E+09  7.633E+07  4.624E+06  2.437E+06  1.283E+07  9.512E+08  1.090E+10  3.823E+10  1.598E+11  8.011E+11  2.559E+12  5.391E+12  8.602E+12  1.137E+13  1.305E+13  1.338E+13  1.229E+13  9.941E+12  6.839E+12  3.734E+12  1.439E+12  3.446E+11  6.826E+10  2.039E+10
  307.0000  5.469E+09  1.175E+08  6.948E+06  3.773E+06  1.935E+07  1.448E+09  1.690E+10  6.367E+10  3.003E+11  1.422E+12  4.164E+12  8.257E+12  1.267E+13  1.637E+13  1.858E+13  1.900E+13  1.758E+13  1.447E+13  1.027E+13  5.894E+12  2.450E+12  6.405E+11  1.217E+11  3.242E+10
  308.0000  7.597E+09  1.654E+08  9.492E+06  5.310E+06  2.666E+07  2.012E+09  2.406E+10  9.905E+10  5.128E+11  2.248E+12  6.054E+12  1.135E+13  1.681E+13  2.125E+13  2.386E+13  2.436E+13  2.269E+13  1.898E+13  1.386E+13  8.328E+12  3.716E+12  1.066E+12  2.024E+11  4.757E+10
  309.0000  8.728E+09  1.917E+08  1.081E+07  6.161E+06  3.054E+07  2.313E+09  2.810E+10  1.231E+11  6.639E+11  2.767E+12  7.104E+12  1.290E+13  1.872E+13  2.338E+13  2.610E+13  2.662E+13  2.488E+13  2.101E+13  1.559E+13  9.617E+12  4.467E+12  1.351E+12  2.609E+11  5.672E+10
  310.0000  1.062E+10  2.364E+08  1.270E+07  7.476E+06  3.670E+07  2.806E+09  3.560E+10  1.799E+11  9.996E+11  3.716E+12  8.711E+12  1.491E+13  2.087E+13  2.551E+13  2.816E+13  2.867E+13  2.698E+13  2.316E+13  1.770E+13  1.145E+13  5.732E+12  1.936E+12  4.014E+11  7.559E+10
  311.0000  1.973E+10  4.424E+08  2.327E+07  1.391E+07  6.798E+07  5.204E+09  6.750E+10  3.646E+11  2.018E+12  7.133E+12  1.610E+13  2.690E+13  3.706E+13  4.487E+13  4.932E+13  5.016E+13  4.734E+13  4.093E+13  3.167E+13  2.089E+13  1.079E+13  3.813E+12  8.237E+11  1.470E+11
  312.0000  2.057E+10  4.648E+08  2.351E+07  1.436E+07  7.026E+07  5.396E+09  7.290E+10  4.368E+11  2.340E+12  7.658E+12  1.637E+13  2.641E+13  3.562E+13  4.257E+13  4.649E+13  4.723E+13  4.475E+13  3.907E+13  3.076E+13  2.087E+13  1.127E+13  4.266E+12  9.904E+11  1.662E+11
  313.0000  2.747E+10  6.248E+08  3.006E+07  1.876E+07  9.277E+07  7.144E+09  1.017E+11  6.726E+11  3.394E+12  1.025E+13  2.076E+13  3.239E+13  4.278E+13  5.049E+13  5.480E+13  5.561E+13  5.289E+13  4.662E+13  3.732E+13  2.602E+13  1.468E+13  5.943E+12  1.503E+12  2.446E+11
  314.0000  3.232E+10  7.375E+08  3.486E+07  2.198E+07  1.089E+08  8.369E+09  1.220E+11  8.371E+11  4.115E+12  1.206E+13  2.391E+13  3.679E+13  4.816E+13  5.655E+13  6.122E+13  6.209E+13  5.915E+13  5.235E+13  4.220E+13  2.976E+13  1.708E+13  7.106E+12  1.856E+12  3.000E+11
  316.0000  4.663E+10  1.067E+09  4.534E+07  2.953E+07  1.535E+08  1.175E+10  1.929E+11  1.457E+12  6.194E+12  1.604E+13  2.942E+13  4.311E+13  5.474E+13  6.312E+13  6.771E+13  6.856E+13  6.568E+13  5.894E+13  4.868E+13  3.571E+13  2.184E+13  1.005E+13  3.040E+12  5.177E+11
  320.0000  1.009E+11  2.275E+09  8.169E+07  5.482E+07  3.207E+08  2.401E+10  4.753E+11  3.486E+12  1.213E+13  2.747E+13  4.625E+13  6.422E+13  7.884E+13  8.908E+13  9.460E+13  9.562E+13  9.217E+13  8.400E+13  7.129E+13  5.464E+13  3.581E+13  1.838E+13  6.592E+12  1.339E+12
  325.0000  2.454E+11  5.277E+09  1.550E+08  1.033E+08  7.468E+08  5.377E+10  1.243E+12  7.497E+12  2.182E+13  4.439E+13  6.979E+13  9.279E+13  1.108E+14  1.232E+14  1.297E+14  1.309E+14  1.268E+14  1.171E+14  1.016E+14  8.065E+13  5.589E+13  3.128E+13  1.290E+13  3.282E+12
  330.0000  4.607E+11  9.585E+09  2.535E+08  1.645E+08  1.381E+09  9.661E+10  2.291E+12  1.196E+13  3.217E+13  6.233E+13  9.475E+13  1.232E+14  1.449E+14  1.596E+14  1.673E+14  1.688E+14  1.640E+14  1.524E+14  1.338E+14  1.083E+14  7.717E+13  4.503E+13  1.971E+13  5.640E+12
  335.0000  5.983E+11  1.218E+10  3.031E+08  1.907E+08  1.791E+09  1.227E+11  2.856E+12  1.342E+13  3.448E+13  6.478E+13  9.619E+13  1.230E+14  1.433E+14  1.567E+14  1.638E+14  1.651E+14  1.607E+14  1.501E+14  1.330E+14  1.090E+14  7.928E+13  4.756E+13  2.157E+13  6.645E+12
  340.0000  7.560E+11  1.519E+10  3.737E+08  2.320E+08  2.266E+09  1.533E+11  3.531E+12  1.589E+13  4.027E+13  7.450E+13  1.091E+14  1.381E+14  1.596E+14  1.739E+14  1.813E+14  1.826E+14  1.781E+14  1.669E+14  1.487E+14  1.230E+14  9.056E+13  5.517E+13  2.535E+13  8.015E+12
  345.0000  8.124E+11  1.616E+10  3.996E+08  2.470E+08  2.437E+09  1.636E+11  3.759E+12  1.660E+13  4.195E+13  7.684E+13  1.113E+14  1.397E+14  1.606E+14  1.743E+14  1.814E+14  1.827E+14  1.783E+14  1.675E+14  1.500E+14  1.249E+14  9.291E+13  5.725E+13  2.646E+13  8.431E+12
  350.0000  8.648E+11  1.703E+10  4.313E+08  2.686E+08  2.589E+09  1.728E+11  4.031E+12  1.793E+13  4.567E+13  8.320E+13  1.195E+14  1.490E+14  1.706E+14  1.846E+14  1.919E+14  1.932E+14  1.887E+14  1.777E+14  1.597E+14  1.338E+14  1.002E+14  6.224E+13  2.873E+13  9.065E+12
  355.0000  9.520E+11  1.853E+10  4.775E+08  2.984E+08  2.842E+09  1.889E+11  4.445E+12  1.975E+13  5.050E+13  9.126E+13  1.299E+14  1.609E+14  1.833E+14  1.978E+14  2.053E+14  2.067E+14  2.021E+14  1.907E+14  1.720E+14  1.449E+14  1.095E+14  6.861E+13  3.176E+13  9.973E+12
  360.0000  8.951E+11  1.721E+10  4.526E+08  2.843E+08  2.661E+09  1.761E+11  4.200E+12  1.873E+13  4.815E+13  8.633E+13  1.218E+14  1.500E+14  1.702E+14  1.832E+14  1.898E+14  1.910E+14  1.869E+14  1.768E+14  1.600E+14  1.355E+14  1.031E+14  6.522E+13  3.026E+13  9.426E+12
  365.0000  1.167E+12  2.217E+10  5.955E+08  3.763E+08  3.455E+09  2.280E+11  5.506E+12  2.469E+13  6.376E+13  1.134E+14  1.588E+14  1.943E+14  2.195E+14  2.357E+14  2.440E+14  2.455E+14  2.404E+14  2.278E+14  2.068E+14  1.761E+14  1.350E+14  8.611E+13  4.007E+13  1.237E+13
  370.0000  1.239E+12  2.325E+10  6.384E+08  4.059E+08  3.651E+09  2.403E+11  5.891E+12  2.659E+13  6.897E+13  1.217E+14  1.690E+14  2.056E+14  2.314E+14  2.479E+14  2.563E+14  2.578E+14  2.527E+14  2.399E+14  2.184E+14  1.868E+14  1.442E+14  9.284E+13  4.335E+13  1.325E+13
  375.0000  1.143E+12  2.116E+10  5.935E+08  3.799E+08  3.345E+09  2.194E+11  5.469E+12  2.488E+13  6.476E+13  1.133E+14  1.561E+14  1.889E+14  2.119E+14  2.265E+14  2.339E+14  2.352E+14  2.307E+14  2.194E+14  2.004E+14  1.722E+14  1.338E+14  8.688E+13  4.075E+13  1.232E+13
  380.0000  1.342E+12  2.453E+10  7.032E+08  4.528E+08  3.905E+09  2.565E+11  6.462E+12  2.963E+13  7.734E+13  1.341E+14  1.834E+14  2.208E+14  2.468E+14  2.632E+14  2.716E+14  2.731E+14  2.679E+14  2.552E+14  2.338E+14  2.017E+14  1.578E+14  1.034E+14  4.873E+13  1.459E+13
  385.0000  1.032E+12  1.860E+10  5.451E+08  3.533E+08  2.982E+09  1.955E+11  5.005E+12  2.315E+13  6.052E+13  1.040E+14  1.412E+14  1.691E+14  1.884E+14  2.006E+14  2.067E+14  2.078E+14  2.041E+14  1.947E+14  1.788E+14  1.549E+14  1.219E+14  8.057E+13  3.820E+13  1.132E+13
  390.0000  1.374E+12  2.437E+10  7.303E+08  4.766E+08  3.936E+09  2.569E+11  6.713E+12  3.133E+13  8.197E+13  1.397E+14  1.882E+14  2.243E+14  2.491E+14  2.647E+14  2.725E+14  2.739E+14  2.691E+14  2.571E+14  2.367E+14  2.059E+14  1.631E+14  1.087E+14  5.187E+13  1.521E+13
  395.0000  1.086E+12  1.898E+10  5.815E+08  3.819E+08  3.086E+09  2.008E+11  5.348E+12  2.519E+13  6.589E+13  1.113E+14  1.489E+14  1.766E+14  1.956E+14  2.075E+14  2.134E+14  2.145E+14  2.108E+14  2.017E+14  1.861E+14  1.625E+14  1.295E+14  8.700E+13  4.182E+13  1.214E+13
  400.0000  2.058E+12  3.535E+10  1.108E+09  7.321E+08  5.790E+09  3.768E+11  1.020E+13  4.847E+13  1.267E+14  2.120E+14  2.817E+14  3.327E+14  3.674E+14  3.890E+14  3.998E+14  4.018E+14  3.952E+14  3.786E+14  3.501E+14  3.069E+14  2.458E+14  1.666E+14  8.066E+13  2.318E+13
  405.0000  2.141E+12  3.622E+10  1.159E+09  7.705E+08  5.968E+09  3.890E+11  1.067E+13  5.122E+13  1.336E+14  2.216E+14  2.925E+14  3.440E+14  3.789E+14  4.006E+14  4.114E+14  4.133E+14  4.067E+14  3.901E+14  3.615E+14  3.180E+14  2.561E+14  1.749E+14  8.538E+13  2.431E+13
  410.0000  2.249E+12  3.738E+10  1.223E+09  8.186E+08  6.203E+09  4.041E+11  1.128E+13  5.473E+13  1.424E+14  2.340E+14  3.071E+14  3.597E+14  3.951E+14  4.170E+14  4.280E+14  4.299E+14  4.232E+14  4.064E+14  3.775E+14  3.331E+14  2.696E+14  1.856E+14  9.135E+13  2.577E+13
  415.0000  2.390E+12  3.909E+10  1.306E+09  8.795E+08  6.525E+09  4.250E+11  1.206E+13  5.910E+13  1.532E+14  2.496E+14  3.255E+14  3.798E+14  4.162E+14  4.387E+14  4.498E+14  4.518E+14  4.450E+14  4.278E+14  3.981E+14  3.524E+14  2.867E+14  1.989E+14  9.871E+13  2.760E+13
  420.0000  2.459E+12  3.950E+10  1.349E+09  9.138E+08  6.636E+09  4.327E+11  1.248E+13  6.180E+13  1.596E+14  2.577E+14  3.340E+14  3.883E+14  4.246E+14  4.469E+14  4.579E+14  4.599E+14  4.532E+14  4.361E+14  4.066E+14  3.610E+14  2.951E+14  2.062E+14  1.032E+14  2.863E+13
  425.0000  2.386E+12  3.766E+10  1.315E+09  8.962E+08  6.364E+09  4.157E+11  1.218E+13  6.105E+13  1.569E+14  2.514E+14  3.240E+14  3.754E+14  4.095E+14  4.305E+14  4.408E+14  4.427E+14  4.364E+14  4.203E+14  3.926E+14  3.495E+14  2.870E+14  2.020E+14  1.020E+14  2.804E+13
  430.0000  2.245E+12  3.476E+10  1.240E+09  8.503E+08  5.913E+09  3.863E+11  1.152E+13  5.833E+13  1.492E+14  2.369E+14  3.037E+14  3.506E+14  3.817E+14  4.007E+14  4.101E+14  4.118E+14  4.060E+14  3.915E+14  3.662E+14  3.270E+14  2.697E+14  1.912E+14  9.741E+13  2.658E+13
  435.0000  2.652E+12  4.030E+10  1.470E+09  1.014E+09  6.897E+09  4.519E+11  1.368E+13  7.007E+13  1.782E+14  2.806E+14  3.579E+14  4.119E+14  4.475E+14  4.693E+14  4.800E+14  4.819E+14  4.754E+14  4.588E+14  4.298E+14  3.847E+14  3.187E+14  2.274E+14  1.169E+14  3.168E+13
  440.0000  2.763E+12  4.119E+10  1.538E+09  1.067E+09  7.090E+09  4.653E+11  1.434E+13  7.445E+13  1.883E+14  2.943E+14  3.735E+14  4.285E+14  4.648E+14  4.869E+14  4.977E+14  4.997E+14  4.930E+14  4.762E+14  4.468E+14  4.009E+14  3.334E+14  2.394E+14  1.241E+14  3.337E+13
  445.0000  3.013E+12  4.404E+10  1.681E+09  1.174E+09  7.626E+09  5.017E+11  1.572E+13  8.264E+13  2.077E+14  3.221E+14  4.069E+14  4.655E+14  5.040E+14  5.274E+14  5.389E+14  5.409E+14  5.339E+14  5.161E+14  4.849E+14  4.361E+14  3.640E+14  2.631E+14  1.376E+14  3.675E+13
  450.0000  3.261E+12  4.670E+10  1.823E+09  1.280E+09  8.136E+09  5.366E+11  1.708E+13  9.085E+13  2.267E+14  3.491E+14  4.389E+14  5.007E+14  5.411E+14  5.656E+14  5.777E+14  5.798E+14  5.725E+14  5.538E+14  5.211E+14  4.697E+14  3.935E+14  2.861E+14  1.509E+14  4.011E+13
  455.0000  3.240E+12  4.544E+10  1.815E+09  1.281E+09  7.964E+09  5.266E+11  1.704E+13  9.180E+13  2.275E+14  3.478E+14  4.353E+14  4.953E+14  5.345E+14  5.581E+14  5.698E+14  5.718E+14  5.647E+14  5.467E+14  5.151E+14  4.653E+14  3.912E+14  2.861E+14  1.522E+14  4.023E+13
  460.0000  3.314E+12  4.549E+10  1.874E+09  1.333E+09  8.024E+09  5.310E+11  1.763E+13  9.693E+13  2.392E+14  3.634E+14  4.532E+14  5.145E+14  5.545E+14  5.786E+14  5.904E+14  5.925E+14  5.853E+14  5.670E+14  5.347E+14  4.839E+14  4.080E+14  2.998E+14  1.606E+14  4.205E+13
  465.0000  3.342E+12  4.496E+10  1.888E+09  1.350E+09  7.969E+09  5.294E+11  1.781E+13  9.901E+13  2.423E+14  3.656E+14  4.541E+14  5.142E+14  5.533E+14  5.768E+14  5.884E+14  5.904E+14  5.834E+14  5.655E+14  5.340E+14  4.841E+14  4.096E+14  3.027E+14  1.635E+14  4.270E+13
  470.0000  3.370E+12  4.431E+10  1.907E+09  1.371E+09  7.909E+09  5.273E+11  1.802E+13  1.015E+14  2.466E+14  3.696E+14  4.573E+14  5.166E+14  5.551E+14  5.783E+14  5.896E+14  5.916E+14  5.847E+14  5.671E+14  5.361E+14  4.870E+14  4.132E+14  3.070E+14  1.672E+14  4.349E+13
  475.0000  3.437E+12  4.423E+10  1.952E+09  1.411E+09  7.939E+09  5.310E+11  1.847E+13  1.056E+14  2.549E+14  3.797E+14  4.681E+14  5.278E+14  5.664E+14  5.896E+14  6.009E+14  6.029E+14  5.960E+14  5.784E+14  5.473E+14  4.980E+14  4.237E+14  3.163E+14  1.736E+14  4.496E+13
  480.0000  3.431E+12  4.308E+10  1.983E+09  1.446E+09  7.799E+09  5.204E+11  1.879E+13  1.106E+14  2.662E+14  3.950E+14  4.858E+14  5.469E+14  5.864E+14  6.101E+14  6.217E+14  6.238E+14  6.167E+14  5.987E+14  5.669E+14  5.164E+14  4.402E+14  3.296E+14  1.817E+14  4.651E+13
  485.0000  3.141E+12  3.850E+10  1.820E+09  1.334E+09  7.021E+09  4.701E+11  1.728E+13  1.032E+14  2.467E+14  3.641E+14  4.462E+14  5.014E+14  5.371E+14  5.584E+14  5.688E+14  5.707E+14  5.643E+14  5.481E+14  5.195E+14  4.739E+14  4.051E+14  3.046E+14  1.692E+14  4.316E+13
  490.0000  3.343E+12  4.013E+10  1.932E+09  1.421E+09  7.348E+09  4.947E+11  1.837E+13  1.108E+14  2.627E+14  3.851E+14  4.704E+14  5.275E+14  5.642E+14  5.862E+14  5.970E+14  5.989E+14  5.923E+14  5.756E+14  5.461E+14  4.990E+14  4.277E+14  3.232E+14  1.810E+14  4.619E+13
  495.0000  3.417E+12  3.993E+10  1.983E+09  1.465E+09  7.384E+09  4.988E+11  1.888E+13  1.158E+14  2.726E+14  3.976E+14  4.842E+14  5.421E+14  5.793E+14  6.015E+14  6.124E+14  6.143E+14  6.077E+14  5.908E+14  5.609E+14  5.132E+14  4.409E+14  3.345E+14  1.885E+14  4.798E+13
  500.0000  3.148E+12  3.596E+10  1.863E+09  1.387E+09  6.697E+09  4.507E+11  1.772E+13  1.120E+14  2.631E+14  3.827E+14  4.653E+14  5.204E+14  5.558E+14  5.769E+14  5.872E+14  5.890E+14  5.828E+14  5.667E+14  5.383E+14  4.929E+14  4.240E+14  3.225E+14  1.823E+14  4.592E+13
  505.0000  3.027E+12  3.362E+10  1.845E+09  1.384E+09  6.351E+09  4.241E+11  1.750E+13  1.147E+14  2.696E+14  3.915E+14  4.755E+14  5.315E+14  5.674E+14  5.889E+14  5.994E+14  6.012E+14  5.948E+14  5.785E+14  5.497E+14  5.036E+14  4.335E+14  3.301E+14  1.869E+14  4.643E+13
  510.0000  3.075E+12  3.342E+10  1.864E+09  1.402E+09  6.336E+09  4.261E+11  1.771E+13  1.171E+14  2.728E+14  3.939E+14  4.769E+14  5.321E+14  5.674E+14  5.886E+14  5.989E+14  6.007E+14  5.944E+14  5.784E+14  5.500E+14  5.046E+14  4.355E+14  3.330E+14  1.901E+14  4.734E+13
  515.0000  2.869E+12  3.043E+10  1.743E+09  1.316E+09  5.814E+09  3.925E+11  1.657E+13  1.112E+14  2.573E+14  3.698E+14  4.466E+14  4.975E+14  5.301E+14  5.495E+14  5.590E+14  5.607E+14  5.549E+14  5.402E+14  5.140E+14  4.721E+14  4.082E+14  3.133E+14  1.800E+14  4.481E+13
  520.0000  2.912E+12  3.009E+10  1.789E+09  1.356E+09  5.808E+09  3.922E+11  1.698E+13  1.165E+14  2.681E+14  3.841E+14  4.629E+14  5.151E+14  5.486E+14  5.685E+14  5.782E+14  5.799E+14  5.740E+14  5.589E+14  5.321E+14  4.892E+14  4.236E+14  3.260E+14  1.881E+14  4.664E+13
  525.0000  2.789E+12  2.806E+10  1.759E+09  1.340E+09  5.495E+09  3.680E+11  1.662E+13  1.178E+14  2.712E+14  3.879E+14  4.671E+14  5.195E+14  5.531E+14  5.731E+14  5.829E+14  5.846E+14  5.787E+14  5.635E+14  5.365E+14  4.934E+14  4.276E+14  3.294E+14  1.903E+14  4.672E+13
  530.0000  2.739E+12  2.687E+10  1.796E+09  1.375E+09  5.354E+09  3.531E+11  1.683E+13  1.242E+14  2.867E+14  4.101E+14  4.939E+14  5.493E+14  5.848E+14  6.059E+14  6.163E+14  6.181E+14  6.118E+14  5.957E+14  5.673E+14  5.217E+14  4.521E+14  3.483E+14  2.011E+14  4.864E+13
  535.0000  2.602E+12  2.487E+10  1.732E+09  1.330E+09  5.021E+09  3.302E+11  1.617E+13  1.222E+14  2.810E+14  4.009E+14  4.821E+14  5.358E+14  5.701E+14  5.906E+14  6.006E+14  6.024E+14  5.963E+14  5.808E+14  5.532E+14  5.091E+14  4.416E+14  3.409E+14  1.975E+14  4.758E+13
  540.0000  2.623E+12  2.451E+10  1.748E+09  1.345E+09  4.981E+09  3.288E+11  1.631E+13  1.250E+14  2.856E+14  4.058E+14  4.870E+14  5.406E+14  5.748E+14  5.953E+14  6.052E+14  6.070E+14  6.009E+14  5.854E+14  5.579E+14  5.139E+14  4.466E+14  3.457E+14  2.014E+14  4.860E+13
  545.0000  2.593E+12  2.356E+10  1.759E+09  1.357E+09  4.869E+09  3.197E+11  1.633E+13  1.284E+14  2.926E+14  4.150E+14  4.974E+14  5.518E+14  5.865E+14  6.073E+14  6.174E+14  6.192E+14  6.130E+14  5.973E+14  5.694E+14  5.247E+14  4.563E+14  3.538E+14  2.067E+14  4.963E+13
  550.0000  2.563E+12  2.273E+10  1.760E+09  1.361E+09  4.755E+09  3.115E+11  1.628E+13  1.307E+14  2.967E+14  4.198E+14  5.025E+14  5.571E+14  5.919E+14  6.127E+14  6.228E+14  6.246E+14  6.184E+14  6.027E+14  5.747E+14  5.299E+14  4.613E+14  3.584E+14  2.101E+14  5.034E+13
  555.0000  2.507E+12  2.151E+10  1.742E+09  1.350E+09  4.570E+09  2.993E+11  1.606E+13  1.320E+14  2.981E+14  4.204E+14  5.024E+14  5.564E+14  5.908E+14  6.114E+14  6.214E+14  6.232E+14  6.171E+14  6.015E+14  5.738E+14  5.295E+14  4.616E+14  3.595E+14  2.116E+14  5.067E+13
  560.0000  2.317E+12  1.946E+10  1.663E+09  1.291E+09  4.209E+09  2.714E+11  1.517E+13  1.290E+14  2.918E+14  4.115E+14  4.917E+14  5.445E+14  5.783E+14  5.984E+14  6.082E+14  6.100E+14  6.040E+14  5.887E+14  5.616E+14  5.182E+14  4.518E+14  3.518E+14  2.071E+14  4.910E+13
  565.0000  2.188E+12  1.798E+10  1.628E+09  1.266E+09  3.976E+09  2.515E+11  1.467E+13  1.293E+14  2.931E+14  4.135E+14  4.942E+14  5.473E+14  5.813E+14  6.016E+14  6.115E+14  6.133E+14  6.072E+14  5.918E+14  5.645E+14  5.209E+14  4.540E+14  3.535E+14  2.079E+14  4.878E+13
  570.0000  2.106E+12  1.689E+10  1.602E+09  1.247E+09  3.809E+09  2.384E+11  1.431E+13  1.296E+14  2.934E+14  4.135E+14  4.940E+14  5.470E+14  5.809E+14  6.011E+14  6.110E+14  6.127E+14  6.067E+14  5.914E+14  5.641E+14  5.206E+14  4.539E+14  3.537E+14  2.082E+14  4.862E+13
  575.0000  2.128E+12  1.662E+10  1.631E+09  1.271E+09  3.807E+09  2.382E+11  1.452E+13  1.338E+14  3.016E+14  4.241E+14  5.060E+14  5.599E+14  5.944E+14  6.150E+14  6.250E+14  6.268E+14  6.207E+14  6.051E+14  5.774E+14  5.331E+14  4.653E+14  3.631E+14  2.145E+14  5.013E+13
  580.0000  2.199E+12  1.674E+10  1.645E+09  1.284E+09  3.837E+09  2.454E+11  1.477E+13  1.357E+14  3.026E+14  4.232E+14  5.035E+14  5.562E+14  5.900E+14  6.101E+14  6.199E+14  6.216E+14  6.156E+14  6.004E+14  5.733E+14  5.300E+14  4.635E+14  3.632E+14  2.163E+14  5.121E+13
  585.0000  2.319E+12  1.725E+10  1.691E+09  1.321E+09  3.945E+09  2.585E+11  1.531E+13  1.401E+14  3.088E+14  4.296E+14  5.096E+14  5.621E+14  5.956E+14  6.156E+14  6.254E+14  6.271E+14  6.211E+14  6.060E+14  5.791E+14  5.360E+14  4.698E+14  3.696E+14  2.219E+14  5.326E+13
  590.0000  2.282E+12  1.654E+10  1.652E+09  1.292E+09  3.816E+09  2.530E+11  1.499E+13  1.382E+14  3.023E+14  4.190E+14  4.962E+14  5.467E+14  5.790E+14  5.982E+14  6.076E+14  6.092E+14  6.035E+14  5.889E+14  5.630E+14  5.216E+14  4.578E+14  3.611E+14  2.180E+14  5.268E+13
  595.0000  2.251E+12  1.600E+10  1.665E+09  1.302E+09  3.752E+09  2.464E+11  1.499E+13  1.417E+14  3.100E+14  4.295E+14  5.085E+14  5.603E+14  5.933E+14  6.130E+14  6.226E+14  6.243E+14  6.185E+14  6.035E+14  5.770E+14  5.345E+14  4.692E+14  3.702E+14  2.236E+14  5.382E+13
  600.0000  2.089E+12  1.450E+10  1.593E+09  1.247E+09  3.492E+09  2.253E+11  1.419E+13  1.384E+14  3.033E+14  4.204E+14  4.979E+14  5.488E+14  5.812E+14  6.006E+14  6.100E+14  6.117E+14  6.059E+14  5.912E+14  5.652E+14  5.235E+14  4.594E+14  3.623E+14  2.186E+14  5.221E+13
  605.0000  2.143E+12  1.453E+10  1.626E+09  1.274E+09  3.527E+09  2.301E+11  1.450E+13  1.426E+14  3.107E+14  4.295E+14  5.079E+14  5.592E+14  5.920E+14  6.116E+14  6.211E+14  6.228E+14  6.170E+14  6.022E+14  5.758E+14  5.337E+14  4.689E+14  3.706E+14  2.246E+14  5.397E+13
  610.0000  2.300E+12  1.521E+10  1.670E+09  1.310E+09  3.658E+09  2.487E+11  1.513E+13  1.464E+14  3.141E+14  4.312E+14  5.081E+14  5.584E+14  5.905E+14  6.096E+14  6.189E+14  6.206E+14  6.149E+14  6.004E+14  5.747E+14  5.334E+14  4.700E+14  3.733E+14  2.286E+14  5.610E+13
  615.0000  2.465E+12  1.591E+10  1.706E+09  1.340E+09  3.783E+09  2.695E+11  1.570E+13  1.490E+14  3.145E+14  4.285E+14  5.030E+14  5.516E+14  5.826E+14  6.010E+14  6.100E+14  6.116E+14  6.061E+14  5.921E+14  5.673E+14  5.275E+14  4.661E+14  3.722E+14  2.305E+14  5.789E+13
  620.0000  2.701E+12  1.717E+10  1.799E+09  1.415E+09  4.027E+09  2.982E+11  1.675E+13  1.567E+14  3.262E+14  4.416E+14  5.168E+14  5.657E+14  5.968E+14  6.153E+14  6.243E+14  6.259E+14  6.204E+14  6.064E+14  5.814E+14  5.414E+14  4.795E+14  3.847E+14  2.405E+14  6.162E+13
  625.0000  2.813E+12  1.750E+10  1.818E+09  1.432E+09  4.090E+09  3.130E+11  1.707E+13  1.583E+14  3.255E+14  4.384E+14  5.115E+14  5.591E+14  5.893E+14  6.072E+14  6.160E+14  6.175E+14  6.122E+14  5.986E+14  5.744E+14  5.355E+14  4.753E+14  3.828E+14  2.413E+14  6.286E+13
  630.0000  3.012E+12  1.842E+10  1.885E+09  1.487E+09  4.270E+09  3.386E+11  1.787E+13  1.638E+14  3.326E+14  4.454E+14  5.183E+14  5.655E+14  5.955E+14  6.133E+14  6.220E+14  6.235E+14  6.182E+14  6.047E+14  5.807E+14  5.420E+14  4.822E+14  3.900E+14  2.479E+14  6.574E+13
  635.0000  3.213E+12  1.944E+10  1.945E+09  1.536E+09  4.445E+09  3.658E+11  1.859E+13  1.682E+14  3.372E+14  4.490E+14  5.209E+14  5.674E+14  5.969E+14  6.144E+14  6.229E+14  6.244E+14  6.192E+14  6.060E+14  5.823E+14  5.443E+14  4.853E+14  3.941E+14  2.528E+14  6.830E+13
  640.0000  3.417E+12  2.037E+10  2.001E+09  1.583E+09  4.617E+09  3.945E+11  1.928E+13  1.721E+14  3.404E+14  4.505E+14  5.211E+14  5.666E+14  5.955E+14  6.127E+14  6.210E+14  6.225E+14  6.174E+14  6.044E+14  5.813E+14  5.440E+14  4.862E+14  3.965E+14  2.566E+14  7.067E+13
  644.8000  3.621E+12  2.135E+10  2.062E+09  1.633E+09  4.794E+09  4.234E+11  1.999E+13  1.764E+14  3.449E+14  4.541E+14  5.238E+14  5.688E+14  5.972E+14  6.141E+14  6.224E+14  6.238E+14  6.188E+14  6.060E+14  5.832E+14  5.465E+14  4.893E+14  4.006E+14  2.613E+14  7.320E+13
  651.0500  3.827E+12  2.225E+10  2.118E+09  1.680E+09  4.949E+09  4.537E+11  2.065E+13  1.804E+14  3.481E+14  4.557E+14  5.241E+14  5.681E+14  5.960E+14  6.125E+14  6.206E+14  6.220E+14  6.171E+14  6.046E+14  5.823E+14  5.463E+14  4.903E+14  4.031E+14  2.653E+14  7.575E+13
  660.0000  4.001E+12  2.291E+10  2.129E+09  1.693E+09  5.017E+09  4.848E+11  2.090E+13  1.799E+14  3.408E+14  4.424E+14  5.067E+14  5.480E+14  5.741E+14  5.896E+14  5.971E+14  5.984E+14  5.938E+14  5.821E+14  5.612E+14  5.275E+14  4.750E+14  3.928E+14  2.619E+14  7.682E+13
  670.0000  4.570E+12  2.577E+10  2.335E+09  1.861E+09  5.555E+09  5.683E+11  2.304E+13  1.951E+14  3.620E+14  4.657E+14  5.309E+14  5.728E+14  5.992E+14  6.148E+14  6.224E+14  6.237E+14  6.191E+14  6.073E+14  5.861E+14  5.520E+14  4.987E+14  4.152E+14  2.806E+14  8.485E+13
  680.0000  4.915E+12  2.738E+10  2.431E+09  1.944E+09  5.810E+09  6.258E+11  2.407E+13  2.012E+14  3.667E+14  4.680E+14  5.315E+14  5.721E+14  5.977E+14  6.129E+14  6.202E+14  6.215E+14  6.170E+14  6.056E+14  5.851E+14  5.519E+14  5.002E+14  4.188E+14  2.865E+14  8.902E+13
  690.0000  5.224E+12  2.865E+10  2.521E+09  2.021E+09  6.020E+09  6.793E+11  2.502E+13  2.074E+14  3.719E+14  4.714E+14  5.334E+14  5.730E+14  5.980E+14  6.128E+14  6.200E+14  6.213E+14  6.169E+14  6.057E+14  5.857E+14  5.534E+14  5.028E+14  4.231E+14  2.926E+14  9.311E+13
  700.0000  5.537E+12  3.003E+10  2.610E+09  2.099E+09  6.232E+09  7.360E+11  2.594E+13  2.130E+14  3.759E+14  4.732E+14  5.336E+14  5.722E+14  5.965E+14  6.109E+14  6.179E+14  6.191E+14  6.148E+14  6.040E+14  5.845E+14  5.531E+14  5.039E+14  4.260E+14  2.977E+14  9.706E+13
  710.0000  5.699E+12  3.045E+10  2.648E+09  2.136E+09  6.279E+09  7.705E+11  2.637E+13  2.158E+14  3.761E+14  4.709E+14  5.296E+14  5.670E+14  5.906E+14  6.046E+14  6.114E+14  6.126E+14  6.084E+14  5.979E+14  5.790E+14  5.485E+14  5.007E+14  4.250E+14  2.995E+14  9.956E+13
  720.0000  5.769E+12  3.032E+10  2.649E+09  2.142E+09  6.220E+09  7.922E+11  2.645E+13  2.160E+14  3.721E+14  4.637E+14  5.202E+14  5.562E+14  5.789E+14  5.924E+14  5.989E+14  6.000E+14  5.961E+14  5.859E+14  5.677E+14  5.383E+14  4.924E+14  4.195E+14  2.979E+14  1.008E+14
  730.0000  5.927E+12  3.097E+10  2.689E+09  2.181E+09  6.276E+09  8.283E+11  2.688E+13  2.186E+14  3.721E+14  4.613E+14  5.162E+14  5.511E+14  5.732E+14  5.863E+14  5.926E+14  5.937E+14  5.898E+14  5.800E+14  5.623E+14  5.338E+14  4.891E+14  4.182E+14  2.994E+14  1.033E+14
------------------------------------------------------------
Photolysis rate coefficients, s-1
   1 = O3 -> O2 + O(1D)                                  
   2 = H2O2 -> 2 OH                                      
   3 = NO2 -> NO + O(3P)                                 
   4 = NO3 -> NO + O2                                    
   5 = NO3 -> NO2 + O(3P)                                
   6 = CH2O -> H + HCO                                   
   7 = CH2O -> H2 + CO                                   
values at z =      0.500 km
Columns: time, sza, photo-reactions
time, hrs.  sza, deg.          1          2          3          4          5          6          7
    0.0000     91.880  1.404E-08  1.853E-08  4.593E-05  9.352E-05  8.233E-04  4.624E-08  1.416E-07
    1.0000     95.619  3.042E-10  3.755E-10  8.461E-07  6.308E-07  7.681E-06  9.933E-10  2.900E-09
    2.0000     97.764  1.355E-11  1.047E-11  2.407E-08  6.650E-08  5.553E-07  3.125E-11  7.685E-11
    3.0000     98.153  7.983E-12  6.662E-12  1.551E-08  5.215E-08  4.255E-07  2.037E-11  4.888E-11
    4.0000     96.755  4.648E-11  5.588E-11  1.335E-07  1.488E-07  1.574E-06  1.426E-10  4.268E-10
    5.0000     93.679  3.433E-09  3.849E-09  8.808E-06  1.026E-05  1.037E-04  1.029E-08  2.944E-08
    6.0000     89.144  5.584E-08  8.770E-08  2.214E-04  6.057E-04  5.118E-03  2.223E-07  6.754E-07
    7.0000     83.437  3.101E-07  4.387E-07  1.027E-03  5.734E-03  4.081E-02  1.316E-06  3.355E-06
    8.0000     76.872  1.173E-06  1.224E-06  2.676E-03  1.230E-02  9.247E-02  4.102E-06  9.098E-06
    9.0000     69.771  3.415E-06  2.450E-06  4.685E-03  1.688E-02  1.311E-01  8.986E-06  1.778E-05
   10.0000     62.474  7.541E-06  3.853E-06  6.492E-03  1.990E-02  1.572E-01  1.509E-05  2.726E-05
   11.0000     55.366  1.316E-05  5.175E-06  7.905E-03  2.187E-02  1.744E-01  2.117E-05  3.574E-05
   12.0000     48.922  1.916E-05  6.260E-06  8.913E-03  2.313E-02  1.855E-01  2.631E-05  4.238E-05
   13.0000     43.749  2.427E-05  7.033E-06  9.562E-03  2.388E-02  1.921E-01  3.004E-05  4.692E-05
   14.0000     40.556  2.740E-05  7.456E-06  9.893E-03  2.424E-02  1.953E-01  3.210E-05  4.935E-05
   15.0000     39.938  2.800E-05  7.535E-06  9.954E-03  2.431E-02  1.959E-01  3.248E-05  4.979E-05
   16.0000     42.030  2.598E-05  7.269E-06  9.749E-03  2.409E-02  1.939E-01  3.119E-05  4.828E-05
   17.0000     46.402  2.164E-05  6.648E-06  9.245E-03  2.352E-02  1.889E-01  2.818E-05  4.467E-05
   18.0000     52.354  1.588E-05  5.698E-06  8.405E-03  2.251E-02  1.800E-01  2.363E-05  3.897E-05
   19.0000     59.222  9.941E-06  4.469E-06  7.179E-03  2.089E-02  1.659E-01  1.790E-05  3.127E-05
   20.0000     66.475  5.048E-06  3.079E-06  5.544E-03  1.840E-02  1.442E-01  1.167E-05  2.210E-05
   21.0000     73.693  1.972E-06  1.739E-06  3.587E-03  1.461E-02  1.118E-01  6.087E-06  1.279E-05
   22.0000     80.521  5.880E-07  7.348E-07  1.687E-03  8.947E-03  6.544E-02  2.329E-06  5.540E-06
   23.0000     86.630  1.328E-07  2.078E-07  5.025E-04  2.207E-03  1.587E-02  5.709E-07  1.605E-06
------------------------------------------------------------
