    0.0000     92.247  1.121E-08  1.427E-08  3.500E-05  6.571E-05  5.840E-04  3.589E-08  1.090E-07
    1.0000     95.967  1.724E-10  2.199E-10  5.052E-07  3.936E-07  4.733E-06  5.708E-10  1.697E-09
    2.0000     98.089  8.846E-12  7.144E-12  1.651E-08  5.441E-08  4.445E-07  2.191E-11  5.235E-11
    3.0000     98.452  4.330E-12  4.786E-12  1.189E-08  4.190E-08  3.429E-07  1.384E-11  3.550E-11
    4.0000     97.026  3.136E-11  3.387E-11  8.110E-08  1.134E-07  1.114E-06  8.820E-11  2.565E-10
    5.0000     93.923  2.707E-09  3.016E-09  6.838E-06  7.248E-06  7.596E-05  8.121E-09  2.309E-08
    6.0000     89.366  5.110E-08  7.978E-08  2.019E-04  5.391E-04  4.600E-03  2.011E-07  6.140E-07
    7.0000     83.644  2.955E-07  4.213E-07  9.871E-04  5.498E-03  3.907E-02  1.258E-06  3.225E-06
    8.0000     77.071  1.133E-06  1.195E-06  2.621E-03  1.214E-02  9.120E-02  3.994E-06  8.889E-06
    9.0000     69.972  3.330E-06  2.414E-06  4.634E-03  1.679E-02  1.303E-01  8.835E-06  1.753E-05
   10.0000     62.690  7.398E-06  3.814E-06  6.449E-03  1.984E-02  1.567E-01  1.492E-05  2.701E-05
   11.0000     55.609  1.295E-05  5.135E-06  7.868E-03  2.183E-02  1.741E-01  2.098E-05  3.550E-05
   12.0000     49.207  1.890E-05  6.220E-06  8.880E-03  2.310E-02  1.852E-01  2.612E-05  4.214E-05
   13.0000     44.088  2.395E-05  6.991E-06  9.530E-03  2.385E-02  1.919E-01  2.983E-05  4.668E-05
   14.0000     40.952  2.703E-05  7.410E-06  9.861E-03  2.422E-02  1.951E-01  3.187E-05  4.909E-05
   15.0000     40.380  2.759E-05  7.484E-06  9.918E-03  2.428E-02  1.956E-01  3.223E-05  4.951E-05
   16.0000     42.492  2.554E-05  7.212E-06  9.707E-03  2.405E-02  1.936E-01  3.091E-05  4.796E-05
   17.0000     46.862  2.120E-05  6.584E-06  9.193E-03  2.347E-02  1.885E-01  2.786E-05  4.430E-05
   18.0000     52.803  1.548E-05  5.625E-06  8.340E-03  2.244E-02  1.794E-01  2.329E-05  3.853E-05
   19.0000     59.655  9.611E-06  4.391E-06  7.097E-03  2.079E-02  1.649E-01  1.754E-05  3.077E-05
   20.0000     66.892  4.823E-06  3.001E-06  5.443E-03  1.824E-02  1.428E-01  1.133E-05  2.157E-05
   21.0000     74.095  1.856E-06  1.672E-06  3.474E-03  1.436E-02  1.096E-01  5.820E-06  1.231E-05
   22.0000     80.909  5.432E-07  6.909E-07  1.591E-03  8.550E-03  6.232E-02  2.176E-06  5.218E-06
   23.0000     87.004  1.185E-07  1.867E-07  4.544E-04  1.870E-03  1.364E-02  5.066E-07  1.442E-06
