Spectral actinic flux, quanta cm-2 s-1 nm-1
values at z =      0.500 km
Columns: wavelength (nm), times (hrs.) or sza (deg.)
    wc, nm      0.000      1.000      2.000      3.000      4.000      5.000      6.000      7.000      8.000      9.000     10.000     11.000     12.000     13.000     14.000     15.000     16.000     17.000     18.000     19.000     20.000     21.000     22.000     23.000
    sza =      83.861     87.905     90.747     92.205     92.179     90.669     87.780     83.696     78.657     72.935     66.825     60.651     54.786     49.672     45.818     43.734     43.756     45.880     49.762     54.892     60.760     66.927     73.020     78.717
  120.7000  0.000E+00  0.000E+00  0.000E+00  0.000E+00  0.000E+00  0.000E+00  0.000E+00  0.000E+00  0.000E+00  0.000E+00  0.000E+00  0.000E+00  0.000E+00  0.000E+00  0.000E+00  0.000E+00  0.000E+00  0.000E+00  0.000E+00  0.000E+00  0.000E+00  0.000E+00  0.000E+00  0.000E+00
  121.6500  0.000E+00  0.000E+00  0.000E+00  0.000E+00  0.000E+00  0.000E+00  0.000E+00  0.000E+00  0.000E+00  0.000E+00  0.000E+00  0.000E+00  0.000E+00  0.000E+00  0.000E+00  0.000E+00  0.000E+00  0.000E+00  0.000E+00  0.000E+00  0.000E+00  0.000E+00  0.000E+00  0.000E+00
  122.1000  0.000E+00  0.000E+00  0.000E+00  0.000E+00  0.000E+00  0.000E+00  0.000E+00  0.000E+00  0.000E+00  0.000E+00  0.000E+00  0.000E+00  0.000E+00  0.000E+00  0.000E+00  0.000E+00  0.000E+00  0.000E+00  0.000E+00  0.000E+00  0.000E+00  0.000E+00  0.000E+00  0.000E+00
  122.7000  0.000E+00  0.000E+00  0.000E+00  0.000E+00  0.000E+00  0.000E+00  0.000E+00  0.000E+00  0.000E+00  0.000E+00  0.000E+00  0.000E+00  0.000E+00  0.000E+00  0.000E+00  0.000E+00  0.000E+00  0.000E+00  0.000E+00  0.000E+00  0.000E+00  0.000E+00  0.000E+00  0.000E+00
  123.4500  0.000E+00  0.000E+00  0.000E+00  0.000E+00  0.000E+00  0.000E+00  0.000E+00  0.000E+00  0.000E+00  0.000E+00  0.000E+00  0.000E+00  0.000E+00  0.000E+00  0.000E+00  0.000E+00  0.000E+00  0.000E+00  0.000E+00  0.000E+00  0.000E+00  0.000E+00  0.000E+00  0.000E+00
  124.2000  0.000E+00  0.000E+00  0.000E+00  0.000E+00  0.000E+00  0.000E+00  0.000E+00  0.000E+00  0.000E+00  0.000E+00  0.000E+00  0.000E+00  0.000E+00  0.000E+00  0.000E+00  0.000E+00  0.000E+00  0.000E+00  0.000E+00  0.000E+00  0.000E+00  0.000E+00  0.000E+00  0.000E+00
  125.0000  0.000E+00  0.000E+00  0.000E+00  0.000E+00  0.000E+00  0.000E+00  0.000E+00  0.000E+00  0.000E+00  0.000E+00  0.000E+00  0.000E+00  0.000E+00  0.000E+00  0.000E+00  0.000E+00  0.000E+00  0.000E+00  0.000E+00  0.000E+00  0.000E+00  0.000E+00  0.000E+00  0.000E+00
  125.8000  0.000E+00  0.000E+00  0.000E+00  0.000E+00  0.000E+00  0.000E+00  0.000E+00  0.000E+00  0.000E+00  0.000E+00  0.000E+00  0.000E+00  0.000E+00  0.000E+00  0.000E+00  0.000E+00  0.000E+00  0.000E+00  0.000E+00  0.000E+00  0.000E+00  0.000E+00  0.000E+00  0.000E+00
  126.6000  0.000E+00  0.000E+00  0.000E+00  0.000E+00  0.000E+00  0.000E+00  0.000E+00  0.000E+00  0.000E+00  0.000E+00  0.000E+00  0.000E+00  0.000E+00  0.000E+00  0.000E+00  0.000E+00  0.000E+00  0.000E+00  0.000E+00  0.000E+00  0.000E+00  0.000E+00  0.000E+00  0.000E+00
  127.8000  0.000E+00  0.000E+00  0.000E+00  0.000E+00  0.000E+00  0.000E+00  0.000E+00  0.000E+00  0.000E+00  0.000E+00  0.000E+00  0.000E+00  0.000E+00  0.000E+00  0.000E+00  0.000E+00  0.000E+00  0.000E+00  0.000E+00  0.000E+00  0.000E+00  0.000E+00  0.000E+00  0.000E+00
  129.0000  0.000E+00  0.000E+00  0.000E+00  0.000E+00  0.000E+00  0.000E+00  0.000E+00  0.000E+00  0.000E+00  0.000E+00  0.000E+00  0.000E+00  0.000E+00  0.000E+00  0.000E+00  0.000E+00  0.000E+00  0.000E+00  0.000E+00  0.000E+00  0.000E+00  0.000E+00  0.000E+00  0.000E+00
  129.8500  0.000E+00  0.000E+00  0.000E+00  0.000E+00  0.000E+00  0.000E+00  0.000E+00  0.000E+00  0.000E+00  0.000E+00  0.000E+00  0.000E+00  0.000E+00  0.000E+00  0.000E+00  0.000E+00  0.000E+00  0.000E+00  0.000E+00  0.000E+00  0.000E+00  0.000E+00  0.000E+00  0.000E+00
  131.1500  0.000E+00  0.000E+00  0.000E+00  0.000E+00  0.000E+00  0.000E+00  0.000E+00  0.000E+00  0.000E+00  0.000E+00  0.000E+00  0.000E+00  0.000E+00  0.000E+00  0.000E+00  0.000E+00  0.000E+00  0.000E+00  0.000E+00  0.000E+00  0.000E+00  0.000E+00  0.000E+00  0.000E+00
  133.5000  0.000E+00  0.000E+00  0.000E+00  0.000E+00  0.000E+00  0.000E+00  0.000E+00  0.000E+00  0.000E+00  0.000E+00  0.000E+00  0.000E+00  0.000E+00  0.000E+00  0.000E+00  0.000E+00  0.000E+00  0.000E+00  0.000E+00  0.000E+00  0.000E+00  0.000E+00  0.000E+00  0.000E+00
  136.0000  0.000E+00  0.000E+00  0.000E+00  0.000E+00  0.000E+00  0.000E+00  0.000E+00  0.000E+00  0.000E+00  0.000E+00  0.000E+00  0.000E+00  0.000E+00  0.000E+00  0.000E+00  0.000E+00  0.000E+00  0.000E+00  0.000E+00  0.000E+00  0.000E+00  0.000E+00  0.000E+00  0.000E+00
  141.0000  0.000E+00  0.000E+00  0.000E+00  0.000E+00  0.000E+00  0.000E+00  0.000E+00  0.000E+00  0.000E+00  0.000E+00  0.000E+00  0.000E+00  0.000E+00  0.000E+00  0.000E+00  0.000E+00  0.000E+00  0.000E+00  0.000E+00  0.000E+00  0.000E+00  0.000E+00  0.000E+00  0.000E+00
  150.0000  0.000E+00  0.000E+00  0.000E+00  0.000E+00  0.000E+00  0.000E+00  0.000E+00  0.000E+00  0.000E+00  0.000E+00  0.000E+00  0.000E+00  0.000E+00  0.000E+00  0.000E+00  0.000E+00  0.000E+00  0.000E+00  0.000E+00  0.000E+00  0.000E+00  0.000E+00  0.000E+00  0.000E+00
  160.0000  0.000E+00  0.000E+00  0.000E+00  0.000E+00  0.000E+00  0.000E+00  0.000E+00  0.000E+00  0.000E+00  0.000E+00  0.000E+00  0.000E+00  0.000E+00  0.000E+00  0.000E+00  0.000E+00  0.000E+00  0.000E+00  0.000E+00  0.000E+00  0.000E+00  0.000E+00  0.000E+00  0.000E+00
  167.5000  0.000E+00  0.000E+00  0.000E+00  0.000E+00  0.000E+00  0.000E+00  0.000E+00  0.000E+00  0.000E+00  0.000E+00  0.000E+00  0.000E+00  0.000E+00  0.000E+00  0.000E+00  0.000E+00  0.000E+00  0.000E+00  0.000E+00  0.000E+00  0.000E+00  0.000E+00  0.000E+00  0.000E+00
  172.2000  0.000E+00  0.000E+00  0.000E+00  0.000E+00  0.000E+00  0.000E+00  0.000E+00  0.000E+00  0.000E+00  0.000E+00  0.000E+00  0.000E+00  0.000E+00  0.000E+00  0.000E+00  0.000E+00  0.000E+00  0.000E+00  0.000E+00  0.000E+00  0.000E+00  0.000E+00  0.000E+00  0.000E+00
  175.7000  0.000E+00  0.000E+00  0.000E+00  0.000E+00  0.000E+00  0.000E+00  0.000E+00  0.000E+00  0.000E+00  0.000E+00  0.000E+00  0.000E+00  0.000E+00  0.000E+00  0.000E+00  0.000E+00  0.000E+00  0.000E+00  0.000E+00  0.000E+00  0.000E+00  0.000E+00  0.000E+00  0.000E+00
  177.8000  0.000E+00  0.000E+00  0.000E+00  0.000E+00  0.000E+00  0.000E+00  0.000E+00  0.000E+00  0.000E+00  0.000E+00  0.000E+00  0.000E+00  0.000E+00  0.000E+00  0.000E+00  0.000E+00  0.000E+00  0.000E+00  0.000E+00  0.000E+00  0.000E+00  0.000E+00  0.000E+00  0.000E+00
  179.4000  0.000E+00  0.000E+00  0.000E+00  0.000E+00  0.000E+00  0.000E+00  0.000E+00  0.000E+00  0.000E+00  0.000E+00  0.000E+00  0.000E+00  0.000E+00  0.000E+00  0.000E+00  0.000E+00  0.000E+00  0.000E+00  0.000E+00  0.000E+00  0.000E+00  0.000E+00  0.000E+00  0.000E+00
  181.0000  0.000E+00  0.000E+00  0.000E+00  0.000E+00  0.000E+00  0.000E+00  0.000E+00  0.000E+00  0.000E+00  0.000E+00  0.000E+00  0.000E+00  0.000E+00  0.000E+00  0.000E+00  0.000E+00  0.000E+00  0.000E+00  0.000E+00  0.000E+00  0.000E+00  0.000E+00  0.000E+00  0.000E+00
  182.6500  0.000E+00  0.000E+00  0.000E+00  0.000E+00  0.000E+00  0.000E+00  0.000E+00  0.000E+00  0.000E+00  0.000E+00  0.000E+00  0.000E+00  0.000E+00  0.000E+00  0.000E+00  0.000E+00  0.000E+00  0.000E+00  0.000E+00  0.000E+00  0.000E+00  0.000E+00  0.000E+00  0.000E+00
  184.3500  0.000E+00  0.000E+00  0.000E+00  0.000E+00  0.000E+00  0.000E+00  0.000E+00  0.000E+00  0.000E+00  0.000E+00  0.000E+00  0.000E+00  0.000E+00  0.000E+00  0.000E+00  0.000E+00  0.000E+00  0.000E+00  0.000E+00  0.000E+00  0.000E+00  0.000E+00  0.000E+00  0.000E+00
  186.0500  0.000E+00  0.000E+00  0.000E+00  0.000E+00  0.000E+00  0.000E+00  0.000E+00  0.000E+00  0.000E+00  0.000E+00  0.000E+00  0.000E+00  0.000E+00  0.000E+00  0.000E+00  0.000E+00  0.000E+00  0.000E+00  0.000E+00  0.000E+00  0.000E+00  0.000E+00  0.000E+00  0.000E+00
  187.8000  0.000E+00  0.000E+00  0.000E+00  0.000E+00  0.000E+00  0.000E+00  0.000E+00  0.000E+00  0.000E+00  0.000E+00  0.000E+00  0.000E+00  0.000E+00  0.000E+00  0.000E+00  0.000E+00  0.000E+00  0.000E+00  0.000E+00  0.000E+00  0.000E+00  0.000E+00  0.000E+00  0.000E+00
  189.6000  0.000E+00  0.000E+00  0.000E+00  0.000E+00  0.000E+00  0.000E+00  0.000E+00  0.000E+00  0.000E+00  0.000E+00  0.000E+00  0.000E+00  0.000E+00  0.000E+00  0.000E+00  0.000E+00  0.000E+00  0.000E+00  0.000E+00  0.000E+00  0.000E+00  0.000E+00  0.000E+00  0.000E+00
  191.4000  0.000E+00  0.000E+00  0.000E+00  0.000E+00  0.000E+00  0.000E+00  0.000E+00  0.000E+00  0.000E+00  0.000E+00  0.000E+00  0.000E+00  0.000E+00  0.000E+00  0.000E+00  0.000E+00  0.000E+00  0.000E+00  0.000E+00  0.000E+00  0.000E+00  0.000E+00  0.000E+00  0.000E+00
  193.2500  0.000E+00  0.000E+00  0.000E+00  0.000E+00  0.000E+00  0.000E+00  0.000E+00  0.000E+00  0.000E+00  0.000E+00  0.000E+00  0.000E+00  0.000E+00  0.000E+00  0.000E+00  0.000E+00  0.000E+00  0.000E+00  0.000E+00  0.000E+00  0.000E+00  0.000E+00  0.000E+00  0.000E+00
  195.1500  0.000E+00  0.000E+00  0.000E+00  0.000E+00  0.000E+00  0.000E+00  0.000E+00  0.000E+00  0.000E+00  0.000E+00  0.000E+00  0.000E+00  0.000E+00  0.000E+00  0.000E+00  0.000E+00  0.000E+00  0.000E+00  0.000E+00  0.000E+00  0.000E+00  0.000E+00  0.000E+00  0.000E+00
  197.0500  0.000E+00  0.000E+00  0.000E+00  0.000E+00  0.000E+00  0.000E+00  0.000E+00  0.000E+00  0.000E+00  0.000E+00  0.000E+00  0.000E+00  0.000E+00  0.000E+00  0.000E+00  0.000E+00  0.000E+00  0.000E+00  0.000E+00  0.000E+00  0.000E+00  0.000E+00  0.000E+00  0.000E+00
  199.0000  0.000E+00  0.000E+00  0.000E+00  0.000E+00  0.000E+00  0.000E+00  0.000E+00  0.000E+00  0.000E+00  0.000E+00  0.000E+00  0.000E+00  0.000E+00  0.000E+00  0.000E+00  0.000E+00  0.000E+00  0.000E+00  0.000E+00  0.000E+00  0.000E+00  0.000E+00  0.000E+00  0.000E+00
  201.0000  0.000E+00  0.000E+00  0.000E+00  0.000E+00  0.000E+00  0.000E+00  0.000E+00  0.000E+00  0.000E+00  0.000E+00  0.000E+00  0.000E+00  0.000E+00  0.000E+00  0.000E+00  0.000E+00  0.000E+00  0.000E+00  0.000E+00  0.000E+00  0.000E+00  0.000E+00  0.000E+00  0.000E+00
  203.0500  0.000E+00  0.000E+00  0.000E+00  0.000E+00  0.000E+00  0.000E+00  0.000E+00  0.000E+00  0.000E+00  0.000E+00  0.000E+00  0.000E+00  0.000E+00  0.000E+00  0.000E+00  0.000E+00  0.000E+00  0.000E+00  0.000E+00  0.000E+00  0.000E+00  0.000E+00  0.000E+00  0.000E+00
  204.9500  0.000E+00  0.000E+00  0.000E+00  0.000E+00  0.000E+00  0.000E+00  0.000E+00  0.000E+00  0.000E+00  0.000E+00  0.000E+00  0.000E+00  0.000E+00  0.000E+00  0.000E+00  0.000E+00  0.000E+00  0.000E+00  0.000E+00  0.000E+00  0.000E+00  0.000E+00  0.000E+00  0.000E+00
  207.0665  0.000E+00  0.000E+00  0.000E+00  0.000E+00  0.000E+00  0.000E+00  0.000E+00  0.000E+00  0.000E+00  0.000E+00  0.000E+00  0.000E+00  0.000E+00  0.000E+00  0.000E+00  0.000E+00  0.000E+00  0.000E+00  0.000E+00  0.000E+00  0.000E+00  0.000E+00  0.000E+00  0.000E+00
  209.4295  0.000E+00  0.000E+00  0.000E+00  0.000E+00  0.000E+00  0.000E+00  0.000E+00  0.000E+00  0.000E+00  0.000E+00  0.000E+00  0.000E+00  0.000E+00  0.000E+00  0.000E+00  0.000E+00  0.000E+00  0.000E+00  0.000E+00  0.000E+00  0.000E+00  0.000E+00  0.000E+00  0.000E+00
  211.6460  0.000E+00  0.000E+00  0.000E+00  0.000E+00  0.000E+00  0.000E+00  0.000E+00  0.000E+00  0.000E+00  0.000E+00  0.000E+00  0.000E+00  0.000E+00  0.000E+00  0.000E+00  0.000E+00  0.000E+00  0.000E+00  0.000E+00  0.000E+00  0.000E+00  0.000E+00  0.000E+00  0.000E+00
  213.9100  0.000E+00  0.000E+00  0.000E+00  0.000E+00  0.000E+00  0.000E+00  0.000E+00  0.000E+00  0.000E+00  0.000E+00  0.000E+00  0.000E+00  0.000E+00  0.000E+00  0.000E+00  0.000E+00  0.000E+00  0.000E+00  0.000E+00  0.000E+00  0.000E+00  0.000E+00  0.000E+00  0.000E+00
  216.2225  0.000E+00  0.000E+00  0.000E+00  0.000E+00  0.000E+00  0.000E+00  0.000E+00  0.000E+00  0.000E+00  0.000E+00  0.000E+00  0.000E+00  0.000E+00  0.000E+00  0.000E+00  0.000E+00  0.000E+00  0.000E+00  0.000E+00  0.000E+00  0.000E+00  0.000E+00  0.000E+00  0.000E+00
  218.5855  0.000E+00  0.000E+00  0.000E+00  0.000E+00  0.000E+00  0.000E+00  0.000E+00  0.000E+00  0.000E+00  0.000E+00  0.000E+00  0.000E+00  0.000E+00  0.000E+00  0.000E+00  0.000E+00  0.000E+00  0.000E+00  0.000E+00  0.000E+00  0.000E+00  0.000E+00  0.000E+00  0.000E+00
  221.0010  0.000E+00  0.000E+00  0.000E+00  0.000E+00  0.000E+00  0.000E+00  0.000E+00  0.000E+00  0.000E+00  0.000E+00  0.000E+00  0.000E+00  0.000E+00  0.000E+00  0.000E+00  0.000E+00  0.000E+00  0.000E+00  0.000E+00  0.000E+00  0.000E+00  0.000E+00  0.000E+00  0.000E+00
  223.4705  0.000E+00  0.000E+00  0.000E+00  0.000E+00  0.000E+00  0.000E+00  0.000E+00  0.000E+00  0.000E+00  0.000E+00  0.000E+00  0.000E+00  0.000E+00  0.000E+00  0.000E+00  0.000E+00  0.000E+00  0.000E+00  0.000E+00  0.000E+00  0.000E+00  0.000E+00  0.000E+00  0.000E+00
  225.9960  0.000E+00  0.000E+00  0.000E+00  0.000E+00  0.000E+00  0.000E+00  0.000E+00  0.000E+00  0.000E+00  0.000E+00  0.000E+00  0.000E+00  0.000E+00  0.000E+00  0.000E+00  0.000E+00  0.000E+00  0.000E+00  0.000E+00  0.000E+00  0.000E+00  0.000E+00  0.000E+00  0.000E+00
  228.5790  0.000E+00  0.000E+00  0.000E+00  0.000E+00  0.000E+00  0.000E+00  0.000E+00  0.000E+00  0.000E+00  0.000E+00  0.000E+00  0.000E+00  0.000E+00  0.000E+00  0.000E+00  0.000E+00  0.000E+00  0.000E+00  0.000E+00  0.000E+00  0.000E+00  0.000E+00  0.000E+00  0.000E+00
  231.2215  0.000E+00  0.000E+00  0.000E+00  0.000E+00  0.000E+00  0.000E+00  0.000E+00  0.000E+00  0.000E+00  0.000E+00  0.000E+00  0.000E+00  0.000E+00  0.000E+00  0.000E+00  0.000E+00  0.000E+00  0.000E+00  0.000E+00  0.000E+00  0.000E+00  0.000E+00  0.000E+00  0.000E+00
  233.9260  0.000E+00  0.000E+00  0.000E+00  0.000E+00  0.000E+00  0.000E+00  0.000E+00  0.000E+00  0.000E+00  0.000E+00  0.000E+00  0.000E+00  0.000E+00  0.000E+00  0.000E+00  0.000E+00  0.000E+00  0.000E+00  0.000E+00  0.000E+00  0.000E+00  0.000E+00  0.000E+00  0.000E+00
  236.6945  0.000E+00  0.000E+00  0.000E+00  0.000E+00  0.000E+00  0.000E+00  0.000E+00  0.000E+00  0.000E+00  0.000E+00  0.000E+00  0.000E+00  0.000E+00  0.000E+00  0.000E+00  0.000E+00  0.000E+00  0.000E+00  0.000E+00  0.000E+00  0.000E+00  0.000E+00  0.000E+00  0.000E+00
  239.5295  0.000E+00  0.000E+00  0.000E+00  0.000E+00  0.000E+00  0.000E+00  0.000E+00  0.000E+00  0.000E+00  0.000E+00  0.000E+00  0.000E+00  0.000E+00  0.000E+00  0.000E+00  0.000E+00  0.000E+00  0.000E+00  0.000E+00  0.000E+00  0.000E+00  0.000E+00  0.000E+00  0.000E+00
  242.4330  0.000E+00  0.000E+00  0.000E+00  0.000E+00  0.000E+00  0.000E+00  0.000E+00  0.000E+00  0.000E+00  0.000E+00  0.000E+00  0.000E+00  0.000E+00  0.000E+00  0.000E+00  0.000E+00  0.000E+00  0.000E+00  0.000E+00  0.000E+00  0.000E+00  0.000E+00  0.000E+00  0.000E+00
  245.4080  0.000E+00  0.000E+00  0.000E+00  0.000E+00  0.000E+00  0.000E+00  0.000E+00  0.000E+00  0.000E+00  0.000E+00  0.000E+00  0.000E+00  0.000E+00  0.000E+00  0.000E+00  0.000E+00  0.000E+00  0.000E+00  0.000E+00  0.000E+00  0.000E+00  0.000E+00  0.000E+00  0.000E+00
  248.4570  0.000E+00  0.000E+00  0.000E+00  0.000E+00  0.000E+00  0.000E+00  0.000E+00  0.000E+00  0.000E+00  0.000E+00  0.000E+00  0.000E+00  0.000E+00  0.000E+00  0.000E+00  0.000E+00  0.000E+00  0.000E+00  0.000E+00  0.000E+00  0.000E+00  0.000E+00  0.000E+00  0.000E+00
  251.5825  0.000E+00  0.000E+00  0.000E+00  0.000E+00  0.000E+00  0.000E+00  0.000E+00  0.000E+00  0.000E+00  0.000E+00  0.000E+00  0.000E+00  0.000E+00  0.000E+00  0.000E+00  0.000E+00  0.000E+00  0.000E+00  0.000E+00  0.000E+00  0.000E+00  0.000E+00  0.000E+00  0.000E+00
  254.7875  0.000E+00  0.000E+00  0.000E+00  0.000E+00  0.000E+00  0.000E+00  0.000E+00  0.000E+00  0.000E+00  0.000E+00  0.000E+00  0.000E+00  0.000E+00  0.000E+00  0.000E+00  0.000E+00  0.000E+00  0.000E+00  0.000E+00  0.000E+00  0.000E+00  0.000E+00  0.000E+00  0.000E+00
  258.0750  0.000E+00  0.000E+00  0.000E+00  0.000E+00  0.000E+00  0.000E+00  0.000E+00  0.000E+00  0.000E+00  0.000E+00  0.000E+00  0.000E+00  0.000E+00  0.000E+00  0.000E+00  0.000E+00  0.000E+00  0.000E+00  0.000E+00  0.000E+00  0.000E+00  0.000E+00  0.000E+00  0.000E+00
  261.4490  0.000E+00  0.000E+00  0.000E+00  0.000E+00  0.000E+00  0.000E+00  0.000E+00  0.000E+00  0.000E+00  0.000E+00  0.000E+00  0.000E+00  0.000E+00  0.000E+00  0.000E+00  0.000E+00  0.000E+00  0.000E+00  0.000E+00  0.000E+00  0.000E+00  0.000E+00  0.000E+00  0.000E+00
  264.9125  0.000E+00  0.000E+00  0.000E+00  0.000E+00  0.000E+00  0.000E+00  0.000E+00  0.000E+00  0.000E+00  0.000E+00  0.000E+00  0.000E+00  0.000E+00  0.000E+00  0.000E+00  0.000E+00  0.000E+00  0.000E+00  0.000E+00  0.000E+00  0.000E+00  0.000E+00  0.000E+00  0.000E+00
  268.4685  0.000E+00  0.000E+00  0.000E+00  0.000E+00  0.000E+00  0.000E+00  0.000E+00  0.000E+00  0.000E+00  0.000E+00  0.000E+00  0.000E+00  0.000E+00  0.000E+00  0.000E+00  0.000E+00  0.000E+00  0.000E+00  0.000E+00  0.000E+00  0.000E+00  0.000E+00  0.000E+00  0.000E+00
  272.1215  0.000E+00  0.000E+00  0.000E+00  0.000E+00  0.000E+00  0.000E+00  0.000E+00  0.000E+00  0.000E+00  0.000E+00  0.000E+00  0.000E+00  0.000E+00  0.000E+00  0.000E+00  0.000E+00  0.000E+00  0.000E+00  0.000E+00  0.000E+00  0.000E+00  0.000E+00  0.000E+00  0.000E+00
  275.8755  0.000E+00  0.000E+00  0.000E+00  0.000E+00  0.000E+00  0.000E+00  0.000E+00  0.000E+00  0.000E+00  0.000E+00  0.000E+00  0.000E+00  0.000E+00  0.000E+00  0.000E+00  0.000E+00  0.000E+00  0.000E+00  0.000E+00  0.000E+00  0.000E+00  0.000E+00  0.000E+00  0.000E+00
  279.7340  0.000E+00  0.000E+00  0.000E+00  0.000E+00  0.000E+00  0.000E+00  0.000E+00  0.000E+00  0.000E+00  0.000E+00  0.000E+00  0.000E+00  0.000E+00  0.000E+00  0.000E+00  0.000E+00  0.000E+00  0.000E+00  0.000E+00  0.000E+00  0.000E+00  0.000E+00  0.000E+00  0.000E+00
  283.7020  0.000E+00  0.000E+00  0.000E+00  0.000E+00  0.000E+00  0.000E+00  0.000E+00  0.000E+00  0.000E+00  0.000E+00  0.000E+00  0.000E+00  0.000E+00  0.000E+00  0.000E+00  0.000E+00  0.000E+00  0.000E+00  0.000E+00  0.000E+00  0.000E+00  0.000E+00  0.000E+00  0.000E+00
  287.7845  0.000E+00  0.000E+00  0.000E+00  0.000E+00  0.000E+00  0.000E+00  0.000E+00  0.000E+00  0.000E+00  0.000E+00  0.000E+00  0.000E+00  0.000E+00  0.000E+00  0.000E+00  0.000E+00  0.000E+00  0.000E+00  0.000E+00  0.000E+00  0.000E+00  0.000E+00  0.000E+00  0.000E+00
  291.9865  6.454E+05  3.724E+05  1.753E+05  8.586E+04  8.693E+04  1.799E+05  3.808E+05  6.568E+05  1.040E+06  1.640E+06  2.713E+06  5.694E+06  2.192E+07  8.729E+07  2.212E+08  3.460E+08  3.445E+08  2.182E+08  8.528E+07  2.130E+07  5.590E+06  2.688E+06  1.629E+06  1.037E+06
  296.3090  1.039E+08  5.740E+07  2.668E+07  1.325E+07  1.341E+07  2.737E+07  5.877E+07  1.060E+08  1.796E+08  3.116E+08  6.850E+08  2.608E+09  9.924E+09  2.590E+10  4.675E+10  6.173E+10  6.155E+10  4.635E+10  2.552E+10  9.707E+09  2.540E+09  6.730E+08  3.090E+08  1.786E+08
  300.5000  2.226E+09  1.140E+09  5.108E+08  2.542E+08  2.573E+08  5.242E+08  1.170E+09  2.277E+09  4.303E+09  1.002E+10  3.805E+10  1.393E+11  3.583E+11  6.695E+11  9.756E+11  1.164E+12  1.161E+12  9.703E+11  6.630E+11  3.531E+11  1.365E+11  3.716E+10  9.864E+09  4.272E+09
  303.0000  1.247E+10  5.959E+09  2.565E+09  1.268E+09  1.283E+09  2.635E+09  6.126E+09  1.280E+10  2.784E+10  9.119E+10  3.587E+11  1.048E+12  2.191E+12  3.543E+12  4.727E+12  5.409E+12  5.401E+12  4.707E+12  3.517E+12  2.166E+12  1.031E+12  3.513E+11  8.934E+10  2.756E+10
  304.0000  1.673E+10  7.799E+09  3.308E+09  1.630E+09  1.650E+09  3.398E+09  8.024E+09  1.719E+10  3.987E+10  1.420E+11  5.384E+11  1.471E+12  2.919E+12  4.557E+12  5.952E+12  6.742E+12  6.733E+12  5.929E+12  4.526E+12  2.888E+12  1.449E+12  5.279E+11  1.390E+11  3.942E+10
  305.0000  3.042E+10  1.359E+10  5.624E+09  2.754E+09  2.788E+09  5.782E+09  1.399E+10  3.131E+10  8.142E+10  3.139E+11  1.105E+12  2.757E+12  5.112E+12  7.632E+12  9.701E+12  1.085E+13  1.084E+13  9.667E+12  7.584E+12  5.064E+12  2.720E+12  1.085E+12  3.071E+11  8.038E+10
  306.0000  3.521E+10  1.518E+10  6.162E+09  3.001E+09  3.038E+09  6.337E+09  1.565E+10  3.632E+10  1.035E+11  4.088E+11  1.356E+12  3.183E+12  5.648E+12  8.191E+12  1.023E+13  1.135E+13  1.134E+13  1.020E+13  8.143E+12  5.598E+12  3.143E+12  1.333E+12  4.016E+11  1.020E+11
  307.0000  5.817E+10  2.381E+10  9.418E+09  4.553E+09  4.609E+09  9.692E+09  2.458E+10  6.019E+10  1.912E+11  7.557E+11  2.319E+12  5.089E+12  8.615E+12  1.211E+13  1.485E+13  1.634E+13  1.632E+13  1.481E+13  1.205E+13  8.545E+12  5.030E+12  2.283E+12  7.416E+11  1.884E+11
  308.0000  8.960E+10  3.439E+10  1.319E+10  6.316E+09  6.394E+09  1.358E+10  3.555E+10  9.307E+10  3.256E+11  1.245E+12  3.532E+12  7.277E+12  1.180E+13  1.612E+13  1.944E+13  2.121E+13  2.119E+13  1.939E+13  1.604E+13  1.171E+13  7.199E+12  3.481E+12  1.222E+12  3.206E+11
  309.0000  1.106E+11  4.055E+10  1.524E+10  7.249E+09  7.339E+09  1.570E+10  4.197E+10  1.152E+11  4.229E+11  1.571E+12  4.256E+12  8.460E+12  1.338E+13  1.800E+13  2.149E+13  2.334E+13  2.332E+13  2.143E+13  1.791E+13  1.328E+13  8.374E+12  4.198E+12  1.547E+12  4.164E+11
  310.0000  1.597E+11  5.258E+10  1.880E+10  8.796E+09  8.908E+09  1.939E+10  5.455E+10  1.672E+11  6.491E+11  2.222E+12  5.485E+12  1.019E+13  1.541E+13  2.014E+13  2.363E+13  2.546E+13  2.544E+13  2.357E+13  2.005E+13  1.531E+13  1.010E+13  5.417E+12  2.182E+12  6.394E+11
  311.0000  3.223E+11  1.008E+11  3.517E+10  1.632E+10  1.653E+10  3.630E+10  1.047E+11  3.378E+11  1.324E+12  4.350E+12  1.035E+13  1.871E+13  2.775E+13  3.581E+13  4.171E+13  4.479E+13  4.476E+13  4.162E+13  3.567E+13  2.758E+13  1.854E+13  1.023E+13  4.289E+12  1.305E+12
  312.0000  3.841E+11  1.111E+11  3.713E+10  1.696E+10  1.718E+10  3.837E+10  1.157E+11  4.035E+11  1.567E+12  4.829E+12  1.084E+13  1.882E+13  2.719E+13  3.449E+13  3.976E+13  4.249E+13  4.246E+13  3.968E+13  3.436E+13  2.703E+13  1.867E+13  1.072E+13  4.760E+12  1.545E+12
  313.0000  5.904E+11  1.590E+11  5.041E+10  2.258E+10  2.288E+10  5.215E+10  1.659E+11  6.208E+11  2.327E+12  6.673E+12  1.415E+13  2.364E+13  3.327E+13  4.151E+13  4.738E+13  5.039E+13  5.036E+13  4.729E+13  4.136E+13  3.310E+13  2.346E+13  1.401E+13  6.582E+12  2.296E+12
  314.0000  7.347E+11  1.926E+11  5.972E+10  2.651E+10  2.687E+10  6.182E+10  2.013E+11  7.726E+11  2.847E+12  7.932E+12  1.648E+13  2.711E+13  3.775E+13  4.678E+13  5.317E+13  5.644E+13  5.641E+13  5.307E+13  4.662E+13  3.756E+13  2.691E+13  1.632E+13  7.847E+12  2.810E+12
  316.0000  1.286E+12  3.193E+11  8.927E+10  3.793E+10  3.847E+10  9.265E+10  3.353E+11  1.350E+12  4.461E+12  1.110E+13  2.116E+13  3.287E+13  4.409E+13  5.332E+13  5.974E+13  6.299E+13  6.296E+13  5.964E+13  5.316E+13  4.389E+13  3.266E+13  2.097E+13  1.096E+13  4.409E+12
  320.0000  3.121E+12  8.185E+11  2.041E+11  8.089E+10  8.214E+10  2.127E+11  8.615E+11  3.257E+12  9.155E+12  1.998E+13  3.483E+13  5.086E+13  6.546E+13  7.706E+13  8.495E+13  8.890E+13  8.886E+13  8.483E+13  7.686E+13  6.520E+13  5.057E+13  3.457E+13  1.981E+13  9.063E+12
  325.0000  6.821E+12  2.098E+12  5.199E+11  1.936E+11  1.968E+11  5.429E+11  2.200E+12  7.074E+12  1.709E+13  3.364E+13  5.454E+13  7.578E+13  9.431E+13  1.086E+14  1.182E+14  1.229E+14  1.228E+14  1.180E+14  1.084E+14  9.399E+13  7.540E+13  5.418E+13  3.337E+13  1.695E+13
  330.0000  1.097E+13  3.739E+12  9.812E+11  3.616E+11  3.677E+11  1.024E+12  3.907E+12  1.134E+13  2.561E+13  4.819E+13  7.544E+13  1.022E+14  1.250E+14  1.423E+14  1.537E+14  1.593E+14  1.592E+14  1.535E+14  1.420E+14  1.246E+14  1.017E+14  7.497E+13  4.780E+13  2.541E+13
  335.0000  1.237E+13  4.527E+12  1.263E+12  4.696E+11  4.775E+11  1.316E+12  4.717E+12  1.277E+13  2.772E+13  5.072E+13  7.759E+13  1.033E+14  1.247E+14  1.408E+14  1.513E+14  1.564E+14  1.564E+14  1.511E+14  1.405E+14  1.243E+14  1.028E+14  7.713E+13  5.035E+13  2.751E+13
  340.0000  1.467E+13  5.524E+12  1.586E+12  5.935E+11  6.034E+11  1.651E+12  5.749E+12  1.513E+13  3.247E+13  5.874E+13  8.869E+13  1.167E+14  1.398E+14  1.570E+14  1.681E+14  1.735E+14  1.735E+14  1.679E+14  1.567E+14  1.395E+14  1.163E+14  8.819E+13  5.831E+13  3.224E+13
  345.0000  1.533E+13  5.843E+12  1.700E+12  6.380E+11  6.486E+11  1.770E+12  6.077E+12  1.581E+13  3.388E+13  6.089E+13  9.104E+13  1.188E+14  1.414E+14  1.580E+14  1.687E+14  1.739E+14  1.738E+14  1.685E+14  1.577E+14  1.410E+14  1.183E+14  9.054E+13  6.045E+13  3.364E+13
  350.0000  1.654E+13  6.276E+12  1.817E+12  6.783E+11  6.896E+11  1.891E+12  6.528E+12  1.706E+13  3.686E+13  6.615E+13  9.824E+13  1.274E+14  1.508E+14  1.679E+14  1.789E+14  1.842E+14  1.842E+14  1.787E+14  1.676E+14  1.504E+14  1.269E+14  9.771E+13  6.568E+13  3.660E+13
  355.0000  1.821E+13  6.912E+12  2.004E+12  7.462E+11  7.587E+11  2.086E+12  7.189E+12  1.879E+13  4.078E+13  7.286E+13  1.073E+14  1.382E+14  1.627E+14  1.805E+14  1.919E+14  1.974E+14  1.974E+14  1.917E+14  1.802E+14  1.623E+14  1.377E+14  1.068E+14  7.235E+13  4.049E+13
  360.0000  1.726E+13  6.532E+12  1.890E+12  7.008E+11  7.126E+11  1.968E+12  6.794E+12  1.781E+13  3.889E+13  6.920E+13  1.012E+14  1.294E+14  1.516E+14  1.677E+14  1.779E+14  1.828E+14  1.827E+14  1.777E+14  1.674E+14  1.513E+14  1.289E+14  1.007E+14  6.873E+13  3.862E+13
  365.0000  2.273E+13  8.567E+12  2.472E+12  9.126E+11  9.281E+11  2.574E+12  8.911E+12  2.346E+13  5.154E+13  9.127E+13  1.325E+14  1.683E+14  1.963E+14  2.164E+14  2.291E+14  2.352E+14  2.351E+14  2.289E+14  2.161E+14  1.959E+14  1.677E+14  1.318E+14  9.065E+13  5.117E+13
  370.0000  2.446E+13  9.172E+12  2.637E+12  9.681E+11  9.845E+11  2.747E+12  9.540E+12  2.526E+13  5.581E+13  9.831E+13  1.416E+14  1.788E+14  2.077E+14  2.282E+14  2.412E+14  2.474E+14  2.473E+14  2.410E+14  2.279E+14  2.072E+14  1.782E+14  1.409E+14  9.766E+13  5.540E+13
  375.0000  2.287E+13  8.523E+12  2.441E+12  8.914E+11  9.067E+11  2.544E+12  8.866E+12  2.362E+13  5.246E+13  9.191E+13  1.314E+14  1.650E+14  1.908E+14  2.090E+14  2.205E+14  2.260E+14  2.259E+14  2.203E+14  2.087E+14  1.903E+14  1.644E+14  1.308E+14  9.131E+13  5.208E+13
  380.0000  2.721E+13  1.008E+13  2.877E+12  1.045E+12  1.063E+12  2.998E+12  1.048E+13  2.811E+13  6.273E+13  1.092E+14  1.550E+14  1.935E+14  2.229E+14  2.435E+14  2.565E+14  2.627E+14  2.626E+14  2.563E+14  2.432E+14  2.224E+14  1.929E+14  1.543E+14  1.085E+14  6.228E+13
  385.0000  2.124E+13  7.812E+12  2.222E+12  8.031E+11  8.170E+11  2.317E+12  8.128E+12  2.195E+13  4.917E+13  8.507E+13  1.199E+14  1.488E+14  1.707E+14  1.860E+14  1.956E+14  2.002E+14  2.001E+14  1.955E+14  1.858E+14  1.703E+14  1.483E+14  1.193E+14  8.453E+13  4.882E+13
  390.0000  2.871E+13  1.049E+13  2.973E+12  1.067E+12  1.085E+12  3.100E+12  1.091E+13  2.969E+13  6.671E+13  1.146E+14  1.604E+14  1.980E+14  2.263E+14  2.460E+14  2.583E+14  2.641E+14  2.641E+14  2.581E+14  2.457E+14  2.258E+14  1.974E+14  1.596E+14  1.139E+14  6.623E+13
  395.0000  2.307E+13  8.359E+12  2.362E+12  8.423E+11  8.571E+11  2.464E+12  8.698E+12  2.386E+13  5.373E+13  9.168E+13  1.274E+14  1.564E+14  1.781E+14  1.932E+14  2.026E+14  2.070E+14  2.070E+14  2.024E+14  1.930E+14  1.778E+14  1.559E+14  1.268E+14  9.113E+13  5.335E+13
  400.0000  4.435E+13  1.595E+13  4.494E+12  1.593E+12  1.621E+12  4.689E+12  1.659E+13  4.589E+13  1.035E+14  1.753E+14  2.419E+14  2.956E+14  3.355E+14  3.630E+14  3.801E+14  3.882E+14  3.881E+14  3.798E+14  3.626E+14  3.348E+14  2.947E+14  2.408E+14  1.743E+14  1.028E+14
  405.0000  4.683E+13  1.670E+13  4.694E+12  1.655E+12  1.684E+12  4.898E+12  1.737E+13  4.847E+13  1.094E+14  1.840E+14  2.521E+14  3.065E+14  3.468E+14  3.745E+14  3.916E+14  3.997E+14  3.996E+14  3.913E+14  3.740E+14  3.461E+14  3.057E+14  2.510E+14  1.829E+14  1.086E+14
  410.0000  4.999E+13  1.767E+13  4.954E+12  1.736E+12  1.767E+12  5.170E+12  1.839E+13  5.176E+13  1.169E+14  1.950E+14  2.655E+14  3.214E+14  3.624E+14  3.906E+14  4.079E+14  4.161E+14  4.160E+14  4.077E+14  3.901E+14  3.618E+14  3.205E+14  2.644E+14  1.939E+14  1.160E+14
  415.0000  5.395E+13  1.889E+13  5.287E+12  1.841E+12  1.875E+12  5.520E+12  1.966E+13  5.587E+13  1.261E+14  2.088E+14  2.824E+14  3.403E+14  3.826E+14  4.115E+14  4.293E+14  4.377E+14  4.376E+14  4.290E+14  4.111E+14  3.819E+14  3.393E+14  2.812E+14  2.076E+14  1.252E+14
  420.0000  5.637E+13  1.955E+13  5.461E+12  1.890E+12  1.925E+12  5.702E+12  2.035E+13  5.840E+13  1.316E+14  2.163E+14  2.907E+14  3.488E+14  3.911E+14  4.199E+14  4.376E+14  4.459E+14  4.458E+14  4.373E+14  4.195E+14  3.904E+14  3.479E+14  2.896E+14  2.151E+14  1.307E+14
  425.0000  5.565E+13  1.910E+13  5.322E+12  1.831E+12  1.865E+12  5.558E+12  1.989E+13  5.767E+13  1.297E+14  2.117E+14  2.829E+14  3.380E+14  3.780E+14  4.051E+14  4.217E+14  4.295E+14  4.294E+14  4.215E+14  4.047E+14  3.773E+14  3.371E+14  2.818E+14  2.105E+14  1.289E+14
  430.0000  5.315E+13  1.807E+13  5.027E+12  1.720E+12  1.752E+12  5.251E+12  1.881E+13  5.509E+13  1.236E+14  2.002E+14  2.659E+14  3.165E+14  3.530E+14  3.777E+14  3.927E+14  3.998E+14  3.997E+14  3.925E+14  3.772E+14  3.524E+14  3.156E+14  2.649E+14  1.991E+14  1.228E+14
  435.0000  6.381E+13  2.146E+13  5.962E+12  2.028E+12  2.067E+12  6.229E+12  2.235E+13  6.615E+13  1.480E+14  2.379E+14  3.142E+14  3.726E+14  4.146E+14  4.429E+14  4.601E+14  4.682E+14  4.681E+14  4.599E+14  4.424E+14  4.139E+14  3.717E+14  3.131E+14  2.366E+14  1.470E+14
  440.0000  6.777E+13  2.253E+13  6.238E+12  2.109E+12  2.149E+12  6.519E+12  2.347E+13  7.027E+13  1.568E+14  2.502E+14  3.288E+14  3.885E+14  4.313E+14  4.601E+14  4.776E+14  4.858E+14  4.857E+14  4.773E+14  4.596E+14  4.306E+14  3.876E+14  3.276E+14  2.489E+14  1.557E+14
  445.0000  7.519E+13  2.472E+13  6.830E+12  2.296E+12  2.340E+12  7.139E+12  2.575E+13  7.798E+13  1.734E+14  2.747E+14  3.591E+14  4.229E+14  4.684E+14  4.989E+14  5.175E+14  5.262E+14  5.261E+14  5.172E+14  4.984E+14  4.676E+14  4.219E+14  3.578E+14  2.733E+14  1.722E+14
  450.0000  8.265E+13  2.688E+13  7.418E+12  2.481E+12  2.528E+12  7.754E+12  2.801E+13  8.572E+13  1.898E+14  2.985E+14  3.883E+14  4.557E+14  5.037E+14  5.358E+14  5.553E+14  5.644E+14  5.643E+14  5.550E+14  5.353E+14  5.029E+14  4.546E+14  3.869E+14  2.970E+14  1.885E+14
  455.0000  8.350E+13  2.685E+13  7.395E+12  2.460E+12  2.508E+12  7.731E+12  2.799E+13  8.661E+13  1.909E+14  2.983E+14  3.860E+14  4.517E+14  4.982E+14  5.293E+14  5.481E+14  5.569E+14  5.568E+14  5.478E+14  5.288E+14  4.974E+14  4.506E+14  3.847E+14  2.968E+14  1.897E+14
  460.0000  8.812E+13  2.789E+13  7.614E+12  2.510E+12  2.559E+12  7.963E+12  2.909E+13  9.143E+13  2.010E+14  3.124E+14  4.027E+14  4.699E+14  5.175E+14  5.492E+14  5.684E+14  5.773E+14  5.772E+14  5.681E+14  5.487E+14  5.167E+14  4.689E+14  4.013E+14  3.108E+14  1.997E+14
  465.0000  9.001E+13  2.819E+13  7.696E+12  2.527E+12  2.577E+12  8.050E+12  2.941E+13  9.339E+13  2.042E+14  3.151E+14  4.043E+14  4.705E+14  5.170E+14  5.481E+14  5.668E+14  5.755E+14  5.754E+14  5.665E+14  5.476E+14  5.163E+14  4.694E+14  4.030E+14  3.136E+14  2.029E+14
  470.0000  9.228E+13  2.858E+13  7.783E+12  2.543E+12  2.594E+12  8.141E+12  2.982E+13  9.575E+13  2.083E+14  3.194E+14  4.080E+14  4.734E+14  5.194E+14  5.500E+14  5.684E+14  5.770E+14  5.769E+14  5.681E+14  5.495E+14  5.186E+14  4.724E+14  4.067E+14  3.179E+14  2.070E+14
  475.0000  9.604E+13  2.937E+13  7.968E+12  2.589E+12  2.642E+12  8.336E+12  3.067E+13  9.965E+13  2.157E+14  3.289E+14  4.185E+14  4.844E+14  5.305E+14  5.612E+14  5.797E+14  5.883E+14  5.882E+14  5.794E+14  5.607E+14  5.298E+14  4.833E+14  4.172E+14  3.273E+14  2.144E+14
  480.0000  1.004E+14  3.010E+13  8.031E+12  2.576E+12  2.629E+12  8.408E+12  3.146E+13  1.043E+14  2.255E+14  3.426E+14  4.348E+14  5.024E+14  5.497E+14  5.811E+14  6.000E+14  6.088E+14  6.087E+14  5.997E+14  5.806E+14  5.489E+14  5.013E+14  4.334E+14  3.410E+14  2.241E+14
  485.0000  9.378E+13  2.776E+13  7.376E+12  2.354E+12  2.403E+12  7.723E+12  2.903E+13  9.734E+13  2.095E+14  3.164E+14  4.002E+14  4.613E+14  5.040E+14  5.322E+14  5.492E+14  5.572E+14  5.571E+14  5.490E+14  5.318E+14  5.033E+14  4.603E+14  3.989E+14  3.150E+14  2.082E+14
  490.0000  1.008E+14  2.956E+13  7.855E+12  2.502E+12  2.555E+12  8.224E+12  3.092E+13  1.046E+14  2.235E+14  3.355E+14  4.226E+14  4.859E+14  5.301E+14  5.592E+14  5.768E+14  5.849E+14  5.848E+14  5.765E+14  5.588E+14  5.293E+14  4.849E+14  4.213E+14  3.340E+14  2.222E+14
  495.0000  1.053E+14  3.050E+13  8.057E+12  2.553E+12  2.607E+12  8.437E+12  3.192E+13  1.092E+14  2.324E+14  3.471E+14  4.357E+14  5.000E+14  5.447E+14  5.742E+14  5.919E+14  6.002E+14  6.001E+14  5.917E+14  5.737E+14  5.439E+14  4.989E+14  4.344E+14  3.455E+14  2.310E+14
  500.0000  1.018E+14  2.889E+13  7.492E+12  2.344E+12  2.394E+12  7.850E+12  3.027E+13  1.056E+14  2.245E+14  3.344E+14  4.191E+14  4.803E+14  5.228E+14  5.509E+14  5.678E+14  5.756E+14  5.755E+14  5.675E+14  5.504E+14  5.221E+14  4.793E+14  4.178E+14  3.330E+14  2.232E+14
  505.0000  1.041E+14  2.886E+13  7.296E+12  2.244E+12  2.293E+12  7.651E+12  3.028E+13  1.081E+14  2.301E+14  3.423E+14  4.285E+14  4.907E+14  5.339E+14  5.625E+14  5.796E+14  5.876E+14  5.875E+14  5.793E+14  5.620E+14  5.332E+14  4.897E+14  4.272E+14  3.408E+14  2.288E+14
  510.0000  1.064E+14  2.927E+13  7.405E+12  2.278E+12  2.328E+12  7.764E+12  3.073E+13  1.105E+14  2.334E+14  3.451E+14  4.305E+14  4.919E+14  5.345E+14  5.626E+14  5.794E+14  5.872E+14  5.872E+14  5.792E+14  5.621E+14  5.338E+14  4.909E+14  4.292E+14  3.437E+14  2.320E+14
  515.0000  1.011E+14  2.752E+13  6.924E+12  2.123E+12  2.170E+12  7.259E+12  2.891E+13  1.049E+14  2.205E+14  3.246E+14  4.036E+14  4.604E+14  4.997E+14  5.256E+14  5.411E+14  5.483E+14  5.482E+14  5.409E+14  5.252E+14  4.990E+14  4.595E+14  4.024E+14  3.232E+14  2.192E+14
  520.0000  1.058E+14  2.840E+13  7.060E+12  2.150E+12  2.198E+12  7.405E+12  2.987E+13  1.099E+14  2.301E+14  3.375E+14  4.188E+14  4.771E+14  5.174E+14  5.440E+14  5.599E+14  5.672E+14  5.671E+14  5.596E+14  5.435E+14  5.167E+14  4.762E+14  4.176E+14  3.361E+14  2.288E+14
  525.0000  1.070E+14  2.813E+13  6.830E+12  2.052E+12  2.098E+12  7.168E+12  2.961E+13  1.111E+14  2.328E+14  3.410E+14  4.228E+14  4.813E+14  5.218E+14  5.485E+14  5.644E+14  5.718E+14  5.718E+14  5.642E+14  5.480E+14  5.211E+14  4.804E+14  4.216E+14  3.396E+14  2.314E+14
  530.0000  1.128E+14  2.889E+13  6.799E+12  2.006E+12  2.053E+12  7.142E+12  3.046E+13  1.171E+14  2.461E+14  3.606E+14  4.470E+14  5.089E+14  5.517E+14  5.799E+14  5.967E+14  6.046E+14  6.045E+14  5.965E+14  5.794E+14  5.510E+14  5.079E+14  4.457E+14  3.591E+14  2.446E+14
  535.0000  1.109E+14  2.800E+13  6.493E+12  1.902E+12  1.947E+12  6.823E+12  2.956E+13  1.152E+14  2.414E+14  3.529E+14  4.367E+14  4.967E+14  5.381E+14  5.654E+14  5.817E+14  5.893E+14  5.892E+14  5.815E+14  5.649E+14  5.374E+14  4.957E+14  4.355E+14  3.514E+14  2.400E+14
  540.0000  1.135E+14  2.842E+13  6.547E+12  1.916E+12  1.961E+12  6.879E+12  3.002E+13  1.179E+14  2.457E+14  3.577E+14  4.416E+14  5.015E+14  5.429E+14  5.701E+14  5.864E+14  5.939E+14  5.938E+14  5.861E+14  5.696E+14  5.422E+14  5.006E+14  4.404E+14  3.562E+14  2.443E+14
  545.0000  1.166E+14  2.875E+13  6.508E+12  1.889E+12  1.934E+12  6.840E+12  3.040E+13  1.210E+14  2.519E+14  3.660E+14  4.513E+14  5.121E+14  5.541E+14  5.817E+14  5.982E+14  6.059E+14  6.058E+14  5.980E+14  5.812E+14  5.534E+14  5.112E+14  4.501E+14  3.645E+14  2.505E+14
  550.0000  1.187E+14  2.892E+13  6.456E+12  1.865E+12  1.910E+12  6.787E+12  3.062E+13  1.232E+14  2.557E+14  3.706E+14  4.563E+14  5.173E+14  5.594E+14  5.871E+14  6.036E+14  6.113E+14  6.112E+14  6.034E+14  5.866E+14  5.587E+14  5.163E+14  4.550E+14  3.691E+14  2.543E+14
  555.0000  1.199E+14  2.883E+13  6.334E+12  1.822E+12  1.866E+12  6.660E+12  3.056E+13  1.245E+14  2.573E+14  3.716E+14  4.566E+14  5.170E+14  5.587E+14  5.860E+14  6.024E+14  6.100E+14  6.099E+14  6.022E+14  5.856E+14  5.580E+14  5.161E+14  4.553E+14  3.701E+14  2.558E+14
  560.0000  1.172E+14  2.762E+13  5.905E+12  1.678E+12  1.719E+12  6.213E+12  2.932E+13  1.217E+14  2.518E+14  3.637E+14  4.469E+14  5.060E+14  5.468E+14  5.735E+14  5.896E+14  5.971E+14  5.970E+14  5.894E+14  5.731E+14  5.461E+14  5.051E+14  4.457E+14  3.623E+14  2.504E+14
  565.0000  1.174E+14  2.712E+13  5.630E+12  1.581E+12  1.620E+12  5.927E+12  2.883E+13  1.219E+14  2.529E+14  3.654E+14  4.491E+14  5.086E+14  5.496E+14  5.766E+14  5.927E+14  6.002E+14  6.002E+14  5.925E+14  5.761E+14  5.489E+14  5.076E+14  4.478E+14  3.640E+14  2.514E+14
  570.0000  1.176E+14  2.679E+13  5.446E+12  1.519E+12  1.556E+12  5.735E+12  2.851E+13  1.221E+14  2.532E+14  3.656E+14  4.490E+14  5.083E+14  5.492E+14  5.761E+14  5.923E+14  5.997E+14  5.997E+14  5.920E+14  5.757E+14  5.485E+14  5.074E+14  4.478E+14  3.641E+14  2.518E+14
  575.0000  1.214E+14  2.743E+13  5.506E+12  1.534E+12  1.572E+12  5.799E+12  2.923E+13  1.261E+14  2.605E+14  3.753E+14  4.603E+14  5.206E+14  5.622E+14  5.896E+14  6.060E+14  6.136E+14  6.135E+14  6.057E+14  5.891E+14  5.615E+14  5.197E+14  4.590E+14  3.738E+14  2.591E+14
  580.0000  1.233E+14  2.798E+13  5.645E+12  1.588E+12  1.627E+12  5.941E+12  2.982E+13  1.280E+14  2.619E+14  3.752E+14  4.586E+14  5.178E+14  5.585E+14  5.852E+14  6.012E+14  6.087E+14  6.086E+14  6.010E+14  5.848E+14  5.578E+14  5.168E+14  4.574E+14  3.737E+14  2.605E+14
  585.0000  1.275E+14  2.907E+13  5.901E+12  1.678E+12  1.719E+12  6.207E+12  3.099E+13  1.323E+14  2.680E+14  3.816E+14  4.649E+14  5.238E+14  5.643E+14  5.909E+14  6.068E+14  6.142E+14  6.141E+14  6.066E+14  5.904E+14  5.636E+14  5.229E+14  4.637E+14  3.801E+14  2.665E+14
  590.0000  1.258E+14  2.864E+13  5.785E+12  1.653E+12  1.693E+12  6.083E+12  3.055E+13  1.305E+14  2.627E+14  3.726E+14  4.530E+14  5.098E+14  5.488E+14  5.744E+14  5.897E+14  5.968E+14  5.968E+14  5.895E+14  5.740E+14  5.481E+14  5.089E+14  4.519E+14  3.712E+14  2.613E+14
  595.0000  1.290E+14  2.902E+13  5.731E+12  1.628E+12  1.668E+12  6.027E+12  3.099E+13  1.338E+14  2.694E+14  3.820E+14  4.644E+14  5.225E+14  5.624E+14  5.886E+14  6.043E+14  6.116E+14  6.115E+14  6.041E+14  5.882E+14  5.617E+14  5.215E+14  4.632E+14  3.806E+14  2.680E+14
  600.0000  1.259E+14  2.789E+13  5.354E+12  1.508E+12  1.546E+12  5.634E+12  2.982E+13  1.306E+14  2.635E+14  3.739E+14  4.546E+14  5.117E+14  5.508E+14  5.766E+14  5.921E+14  5.992E+14  5.991E+14  5.918E+14  5.762E+14  5.502E+14  5.107E+14  4.534E+14  3.725E+14  2.621E+14
  605.0000  1.299E+14  2.872E+13  5.472E+12  1.548E+12  1.586E+12  5.757E+12  3.073E+13  1.347E+14  2.703E+14  3.823E+14  4.641E+14  5.217E+14  5.613E+14  5.874E+14  6.030E+14  6.102E+14  6.101E+14  6.027E+14  5.869E+14  5.607E+14  5.208E+14  4.629E+14  3.809E+14  2.688E+14
  610.0000  1.335E+14  2.993E+13  5.791E+12  1.668E+12  1.709E+12  6.086E+12  3.202E+13  1.384E+14  2.740E+14  3.848E+14  4.652E+14  5.217E+14  5.604E+14  5.859E+14  6.011E+14  6.082E+14  6.081E+14  6.009E+14  5.855E+14  5.598E+14  5.208E+14  4.640E+14  3.834E+14  2.726E+14
  615.0000  1.361E+14  3.100E+13  6.107E+12  1.796E+12  1.839E+12  6.412E+12  3.316E+13  1.410E+14  2.752E+14  3.834E+14  4.614E+14  5.161E+14  5.536E+14  5.781E+14  5.928E+14  5.996E+14  5.996E+14  5.926E+14  5.777E+14  5.529E+14  5.152E+14  4.603E+14  3.820E+14  2.738E+14
  620.0000  1.434E+14  3.307E+13  6.601E+12  1.975E+12  2.022E+12  6.923E+12  3.538E+13  1.484E+14  2.862E+14  3.960E+14  4.748E+14  5.299E+14  5.676E+14  5.923E+14  6.070E+14  6.139E+14  6.138E+14  6.068E+14  5.919E+14  5.670E+14  5.290E+14  4.737E+14  3.946E+14  2.847E+14
  625.0000  1.450E+14  3.378E+13  6.796E+12  2.064E+12  2.112E+12  7.122E+12  3.614E+13  1.500E+14  2.863E+14  3.939E+14  4.707E+14  5.243E+14  5.609E+14  5.849E+14  5.992E+14  6.059E+14  6.058E+14  5.990E+14  5.845E+14  5.603E+14  5.234E+14  4.696E+14  3.925E+14  2.849E+14
  630.0000  1.502E+14  3.540E+13  7.186E+12  2.218E+12  2.269E+12  7.525E+12  3.787E+13  1.554E+14  2.932E+14  4.010E+14  4.776E+14  5.309E+14  5.673E+14  5.911E+14  6.053E+14  6.119E+14  6.118E+14  6.051E+14  5.907E+14  5.667E+14  5.301E+14  4.765E+14  3.996E+14  2.918E+14
  635.0000  1.545E+14  3.686E+13  7.565E+12  2.375E+12  2.429E+12  7.915E+12  3.943E+13  1.597E+14  2.980E+14  4.050E+14  4.807E+14  5.333E+14  5.691E+14  5.925E+14  6.065E+14  6.130E+14  6.129E+14  6.063E+14  5.921E+14  5.685E+14  5.325E+14  4.796E+14  4.037E+14  2.966E+14
  640.0000  1.582E+14  3.825E+13  7.937E+12  2.536E+12  2.593E+12  8.296E+12  4.091E+13  1.635E+14  3.015E+14  4.072E+14  4.817E+14  5.332E+14  5.683E+14  5.913E+14  6.049E+14  6.113E+14  6.112E+14  6.047E+14  5.909E+14  5.677E+14  5.324E+14  4.806E+14  4.059E+14  3.001E+14
  644.8000  1.624E+14  3.970E+13  8.310E+12  2.697E+12  2.757E+12  8.679E+12  4.247E+13  1.677E+14  3.062E+14  4.112E+14  4.849E+14  5.358E+14  5.704E+14  5.930E+14  6.065E+14  6.128E+14  6.127E+14  6.063E+14  5.926E+14  5.698E+14  5.350E+14  4.838E+14  4.099E+14  3.048E+14
  651.0500  1.664E+14  4.116E+13  8.665E+12  2.862E+12  2.924E+12  9.042E+12  4.403E+13  1.717E+14  3.098E+14  4.135E+14  4.859E+14  5.358E+14  5.697E+14  5.918E+14  6.050E+14  6.111E+14  6.111E+14  6.048E+14  5.915E+14  5.691E+14  5.350E+14  4.848E+14  4.122E+14  3.084E+14
  660.0000  1.662E+14  4.187E+13  8.887E+12  3.010E+12  3.074E+12  9.262E+12  4.480E+13  1.715E+14  3.043E+14  4.027E+14  4.708E+14  5.177E+14  5.494E+14  5.702E+14  5.825E+14  5.882E+14  5.882E+14  5.823E+14  5.698E+14  5.489E+14  5.169E+14  4.698E+14  4.014E+14  3.030E+14
  670.0000  1.806E+14  4.643E+13  9.937E+12  3.461E+12  3.532E+12  1.034E+13  4.968E+13  1.861E+14  3.245E+14  4.252E+14  4.945E+14  5.420E+14  5.742E+14  5.951E+14  6.076E+14  6.134E+14  6.133E+14  6.074E+14  5.948E+14  5.736E+14  5.412E+14  4.935E+14  4.239E+14  3.231E+14
  680.0000  1.867E+14  4.887E+13  1.049E+13  3.744E+12  3.818E+12  1.090E+13  5.229E+13  1.922E+14  3.298E+14  4.285E+14  4.960E+14  5.422E+14  5.734E+14  5.938E+14  6.059E+14  6.115E+14  6.114E+14  6.057E+14  5.934E+14  5.729E+14  5.414E+14  4.950E+14  4.273E+14  3.285E+14
  690.0000  1.927E+14  5.124E+13  1.097E+13  4.000E+12  4.078E+12  1.139E+13  5.484E+13  1.983E+14  3.355E+14  4.326E+14  4.987E+14  5.438E+14  5.743E+14  5.942E+14  6.060E+14  6.114E+14  6.114E+14  6.058E+14  5.938E+14  5.738E+14  5.431E+14  4.977E+14  4.314E+14  3.341E+14
  700.0000  1.982E+14  5.358E+13  1.144E+13  4.261E+12  4.343E+12  1.187E+13  5.735E+13  2.038E+14  3.401E+14  4.353E+14  4.998E+14  5.437E+14  5.734E+14  5.927E+14  6.042E+14  6.095E+14  6.094E+14  6.040E+14  5.924E+14  5.729E+14  5.430E+14  4.989E+14  4.341E+14  3.387E+14
  710.0000  2.012E+14  5.505E+13  1.164E+13  4.405E+12  4.487E+12  1.206E+13  5.894E+13  2.067E+14  3.410E+14  4.340E+14  4.967E+14  5.394E+14  5.682E+14  5.869E+14  5.981E+14  6.032E+14  6.032E+14  5.979E+14  5.866E+14  5.677E+14  5.387E+14  4.958E+14  4.329E+14  3.397E+14
  720.0000  2.016E+14  5.583E+13  1.165E+13  4.476E+12  4.558E+12  1.207E+13  5.979E+13  2.071E+14  3.382E+14  4.281E+14  4.885E+14  5.296E+14  5.573E+14  5.753E+14  5.861E+14  5.910E+14  5.910E+14  5.859E+14  5.750E+14  5.568E+14  5.289E+14  4.876E+14  4.270E+14  3.369E+14
  730.0000  2.043E+14  5.732E+13  1.183E+13  4.617E+12  4.700E+12  1.225E+13  6.139E+13  2.098E+14  3.389E+14  4.266E+14  4.854E+14  5.253E+14  5.522E+14  5.697E+14  5.801E+14  5.849E+14  5.849E+14  5.799E+14  5.694E+14  5.517E+14  5.246E+14  4.845E+14  4.256E+14  3.376E+14
------------------------------------------------------------
Photolysis rate coefficients, s-1
   1 = O3 -> O2 + O(1D)                                  
   2 = H2O2 -> 2 OH                                      
   3 = NO2 -> NO + O(3P)                                 
   4 = NO3 -> NO + O2                                    
   5 = NO3 -> NO2 + O(3P)                                
   6 = CH2O -> H + HCO                                   
   7 = CH2O -> H2 + CO                                   
values at z =      0.500 km
Columns: time, sza, photo-reactions
time, hrs.  sza, deg.          1          2          3          4          5          6          7
    0.0000     83.861  2.795E-07  4.018E-07  9.427E-04  5.230E-03  3.710E-02  1.194E-06  3.079E-06
    1.0000     87.905  8.801E-08  1.399E-07  3.461E-04  1.186E-03  9.132E-03  3.684E-07  1.080E-06
    2.0000     90.747  2.670E-08  3.883E-08  9.845E-05  2.341E-04  2.043E-03  9.597E-08  2.976E-07
    3.0000     92.205  1.141E-08  1.458E-08  3.579E-05  6.796E-05  6.030E-04  3.666E-08  1.114E-07
    4.0000     92.179  1.157E-08  1.482E-08  3.641E-05  6.960E-05  6.169E-04  3.726E-08  1.132E-07
    5.0000     90.669  2.768E-08  4.045E-08  1.026E-04  2.459E-04  2.146E-03  1.001E-07  3.101E-07
    6.0000     87.780  9.184E-08  1.459E-07  3.602E-04  1.267E-03  9.670E-03  3.858E-07  1.127E-06
    7.0000     83.696  2.909E-07  4.156E-07  9.741E-04  5.421E-03  3.850E-02  1.240E-06  3.182E-06
    8.0000     78.657  8.444E-07  9.656E-07  2.170E-03  1.073E-02  7.967E-02  3.151E-06  7.223E-06
    9.0000     72.935  2.205E-06  1.867E-06  3.796E-03  1.507E-02  1.156E-01  6.599E-06  1.370E-05
   10.0000     66.825  4.845E-06  3.005E-06  5.445E-03  1.822E-02  1.426E-01  1.136E-05  2.159E-05
   11.0000     60.651  8.828E-06  4.191E-06  6.871E-03  2.043E-02  1.619E-01  1.663E-05  2.947E-05
   12.0000     54.786  1.364E-05  5.265E-06  7.987E-03  2.195E-02  1.752E-01  2.160E-05  3.630E-05
   13.0000     49.672  1.839E-05  6.127E-06  8.787E-03  2.295E-02  1.840E-01  2.568E-05  4.156E-05
   14.0000     45.818  2.216E-05  6.720E-06  9.296E-03  2.355E-02  1.892E-01  2.853E-05  4.508E-05
   15.0000     43.734  2.423E-05  7.019E-06  9.541E-03  2.382E-02  1.917E-01  2.998E-05  4.683E-05
   16.0000     43.756  2.421E-05  7.016E-06  9.538E-03  2.382E-02  1.916E-01  2.996E-05  4.681E-05
   17.0000     45.880  2.210E-05  6.710E-06  9.288E-03  2.354E-02  1.891E-01  2.849E-05  4.503E-05
   18.0000     49.762  1.830E-05  6.112E-06  8.774E-03  2.293E-02  1.838E-01  2.561E-05  4.147E-05
   19.0000     54.892  1.354E-05  5.246E-06  7.968E-03  2.193E-02  1.750E-01  2.151E-05  3.618E-05
   20.0000     60.760  8.746E-06  4.170E-06  6.847E-03  2.040E-02  1.616E-01  1.653E-05  2.933E-05
   21.0000     66.927  4.790E-06  2.985E-06  5.418E-03  1.817E-02  1.422E-01  1.127E-05  2.146E-05
   22.0000     73.020  2.177E-06  1.852E-06  3.771E-03  1.501E-02  1.152E-01  6.538E-06  1.359E-05
   23.0000     78.717  8.349E-07  9.577E-07  2.154E-03  1.067E-02  7.922E-02  3.122E-06  7.166E-06
------------------------------------------------------------
