Spectral actinic flux, quanta cm-2 s-1 nm-1
values at z =      0.500 km
Columns: wavelength (nm), times (hrs.) or sza (deg.)
    wc, nm      0.000      1.000      2.000      3.000      4.000      5.000      6.000      7.000      8.000      9.000     10.000     11.000     12.000     13.000     14.000     15.000     16.000     17.000     18.000     19.000     20.000     21.000     22.000     23.000
    sza =      83.700     87.735     90.571     92.026     92.001     90.497     87.616     83.544     78.517     72.808     66.709     60.547     54.691     49.583     45.734     43.651     43.671     45.791     49.667     54.789     60.648     66.805     72.887     78.573
  120.7000  0.000E+00  0.000E+00  0.000E+00  0.000E+00  0.000E+00  0.000E+00  0.000E+00  0.000E+00  0.000E+00  0.000E+00  0.000E+00  0.000E+00  0.000E+00  0.000E+00  0.000E+00  0.000E+00  0.000E+00  0.000E+00  0.000E+00  0.000E+00  0.000E+00  0.000E+00  0.000E+00  0.000E+00
  121.6500  0.000E+00  0.000E+00  0.000E+00  0.000E+00  0.000E+00  0.000E+00  0.000E+00  0.000E+00  0.000E+00  0.000E+00  0.000E+00  0.000E+00  0.000E+00  0.000E+00  0.000E+00  0.000E+00  0.000E+00  0.000E+00  0.000E+00  0.000E+00  0.000E+00  0.000E+00  0.000E+00  0.000E+00
  122.1000  0.000E+00  0.000E+00  0.000E+00  0.000E+00  0.000E+00  0.000E+00  0.000E+00  0.000E+00  0.000E+00  0.000E+00  0.000E+00  0.000E+00  0.000E+00  0.000E+00  0.000E+00  0.000E+00  0.000E+00  0.000E+00  0.000E+00  0.000E+00  0.000E+00  0.000E+00  0.000E+00  0.000E+00
  122.7000  0.000E+00  0.000E+00  0.000E+00  0.000E+00  0.000E+00  0.000E+00  0.000E+00  0.000E+00  0.000E+00  0.000E+00  0.000E+00  0.000E+00  0.000E+00  0.000E+00  0.000E+00  0.000E+00  0.000E+00  0.000E+00  0.000E+00  0.000E+00  0.000E+00  0.000E+00  0.000E+00  0.000E+00
  123.4500  0.000E+00  0.000E+00  0.000E+00  0.000E+00  0.000E+00  0.000E+00  0.000E+00  0.000E+00  0.000E+00  0.000E+00  0.000E+00  0.000E+00  0.000E+00  0.000E+00  0.000E+00  0.000E+00  0.000E+00  0.000E+00  0.000E+00  0.000E+00  0.000E+00  0.000E+00  0.000E+00  0.000E+00
  124.2000  0.000E+00  0.000E+00  0.000E+00  0.000E+00  0.000E+00  0.000E+00  0.000E+00  0.000E+00  0.000E+00  0.000E+00  0.000E+00  0.000E+00  0.000E+00  0.000E+00  0.000E+00  0.000E+00  0.000E+00  0.000E+00  0.000E+00  0.000E+00  0.000E+00  0.000E+00  0.000E+00  0.000E+00
  125.0000  0.000E+00  0.000E+00  0.000E+00  0.000E+00  0.000E+00  0.000E+00  0.000E+00  0.000E+00  0.000E+00  0.000E+00  0.000E+00  0.000E+00  0.000E+00  0.000E+00  0.000E+00  0.000E+00  0.000E+00  0.000E+00  0.000E+00  0.000E+00  0.000E+00  0.000E+00  0.000E+00  0.000E+00
  125.8000  0.000E+00  0.000E+00  0.000E+00  0.000E+00  0.000E+00  0.000E+00  0.000E+00  0.000E+00  0.000E+00  0.000E+00  0.000E+00  0.000E+00  0.000E+00  0.000E+00  0.000E+00  0.000E+00  0.000E+00  0.000E+00  0.000E+00  0.000E+00  0.000E+00  0.000E+00  0.000E+00  0.000E+00
  126.6000  0.000E+00  0.000E+00  0.000E+00  0.000E+00  0.000E+00  0.000E+00  0.000E+00  0.000E+00  0.000E+00  0.000E+00  0.000E+00  0.000E+00  0.000E+00  0.000E+00  0.000E+00  0.000E+00  0.000E+00  0.000E+00  0.000E+00  0.000E+00  0.000E+00  0.000E+00  0.000E+00  0.000E+00
  127.8000  0.000E+00  0.000E+00  0.000E+00  0.000E+00  0.000E+00  0.000E+00  0.000E+00  0.000E+00  0.000E+00  0.000E+00  0.000E+00  0.000E+00  0.000E+00  0.000E+00  0.000E+00  0.000E+00  0.000E+00  0.000E+00  0.000E+00  0.000E+00  0.000E+00  0.000E+00  0.000E+00  0.000E+00
  129.0000  0.000E+00  0.000E+00  0.000E+00  0.000E+00  0.000E+00  0.000E+00  0.000E+00  0.000E+00  0.000E+00  0.000E+00  0.000E+00  0.000E+00  0.000E+00  0.000E+00  0.000E+00  0.000E+00  0.000E+00  0.000E+00  0.000E+00  0.000E+00  0.000E+00  0.000E+00  0.000E+00  0.000E+00
  129.8500  0.000E+00  0.000E+00  0.000E+00  0.000E+00  0.000E+00  0.000E+00  0.000E+00  0.000E+00  0.000E+00  0.000E+00  0.000E+00  0.000E+00  0.000E+00  0.000E+00  0.000E+00  0.000E+00  0.000E+00  0.000E+00  0.000E+00  0.000E+00  0.000E+00  0.000E+00  0.000E+00  0.000E+00
  131.1500  0.000E+00  0.000E+00  0.000E+00  0.000E+00  0.000E+00  0.000E+00  0.000E+00  0.000E+00  0.000E+00  0.000E+00  0.000E+00  0.000E+00  0.000E+00  0.000E+00  0.000E+00  0.000E+00  0.000E+00  0.000E+00  0.000E+00  0.000E+00  0.000E+00  0.000E+00  0.000E+00  0.000E+00
  133.5000  0.000E+00  0.000E+00  0.000E+00  0.000E+00  0.000E+00  0.000E+00  0.000E+00  0.000E+00  0.000E+00  0.000E+00  0.000E+00  0.000E+00  0.000E+00  0.000E+00  0.000E+00  0.000E+00  0.000E+00  0.000E+00  0.000E+00  0.000E+00  0.000E+00  0.000E+00  0.000E+00  0.000E+00
  136.0000  0.000E+00  0.000E+00  0.000E+00  0.000E+00  0.000E+00  0.000E+00  0.000E+00  0.000E+00  0.000E+00  0.000E+00  0.000E+00  0.000E+00  0.000E+00  0.000E+00  0.000E+00  0.000E+00  0.000E+00  0.000E+00  0.000E+00  0.000E+00  0.000E+00  0.000E+00  0.000E+00  0.000E+00
  141.0000  0.000E+00  0.000E+00  0.000E+00  0.000E+00  0.000E+00  0.000E+00  0.000E+00  0.000E+00  0.000E+00  0.000E+00  0.000E+00  0.000E+00  0.000E+00  0.000E+00  0.000E+00  0.000E+00  0.000E+00  0.000E+00  0.000E+00  0.000E+00  0.000E+00  0.000E+00  0.000E+00  0.000E+00
  150.0000  0.000E+00  0.000E+00  0.000E+00  0.000E+00  0.000E+00  0.000E+00  0.000E+00  0.000E+00  0.000E+00  0.000E+00  0.000E+00  0.000E+00  0.000E+00  0.000E+00  0.000E+00  0.000E+00  0.000E+00  0.000E+00  0.000E+00  0.000E+00  0.000E+00  0.000E+00  0.000E+00  0.000E+00
  160.0000  0.000E+00  0.000E+00  0.000E+00  0.000E+00  0.000E+00  0.000E+00  0.000E+00  0.000E+00  0.000E+00  0.000E+00  0.000E+00  0.000E+00  0.000E+00  0.000E+00  0.000E+00  0.000E+00  0.000E+00  0.000E+00  0.000E+00  0.000E+00  0.000E+00  0.000E+00  0.000E+00  0.000E+00
  167.5000  0.000E+00  0.000E+00  0.000E+00  0.000E+00  0.000E+00  0.000E+00  0.000E+00  0.000E+00  0.000E+00  0.000E+00  0.000E+00  0.000E+00  0.000E+00  0.000E+00  0.000E+00  0.000E+00  0.000E+00  0.000E+00  0.000E+00  0.000E+00  0.000E+00  0.000E+00  0.000E+00  0.000E+00
  172.2000  0.000E+00  0.000E+00  0.000E+00  0.000E+00  0.000E+00  0.000E+00  0.000E+00  0.000E+00  0.000E+00  0.000E+00  0.000E+00  0.000E+00  0.000E+00  0.000E+00  0.000E+00  0.000E+00  0.000E+00  0.000E+00  0.000E+00  0.000E+00  0.000E+00  0.000E+00  0.000E+00  0.000E+00
  175.7000  0.000E+00  0.000E+00  0.000E+00  0.000E+00  0.000E+00  0.000E+00  0.000E+00  0.000E+00  0.000E+00  0.000E+00  0.000E+00  0.000E+00  0.000E+00  0.000E+00  0.000E+00  0.000E+00  0.000E+00  0.000E+00  0.000E+00  0.000E+00  0.000E+00  0.000E+00  0.000E+00  0.000E+00
  177.8000  0.000E+00  0.000E+00  0.000E+00  0.000E+00  0.000E+00  0.000E+00  0.000E+00  0.000E+00  0.000E+00  0.000E+00  0.000E+00  0.000E+00  0.000E+00  0.000E+00  0.000E+00  0.000E+00  0.000E+00  0.000E+00  0.000E+00  0.000E+00  0.000E+00  0.000E+00  0.000E+00  0.000E+00
  179.4000  0.000E+00  0.000E+00  0.000E+00  0.000E+00  0.000E+00  0.000E+00  0.000E+00  0.000E+00  0.000E+00  0.000E+00  0.000E+00  0.000E+00  0.000E+00  0.000E+00  0.000E+00  0.000E+00  0.000E+00  0.000E+00  0.000E+00  0.000E+00  0.000E+00  0.000E+00  0.000E+00  0.000E+00
  181.0000  0.000E+00  0.000E+00  0.000E+00  0.000E+00  0.000E+00  0.000E+00  0.000E+00  0.000E+00  0.000E+00  0.000E+00  0.000E+00  0.000E+00  0.000E+00  0.000E+00  0.000E+00  0.000E+00  0.000E+00  0.000E+00  0.000E+00  0.000E+00  0.000E+00  0.000E+00  0.000E+00  0.000E+00
  182.6500  0.000E+00  0.000E+00  0.000E+00  0.000E+00  0.000E+00  0.000E+00  0.000E+00  0.000E+00  0.000E+00  0.000E+00  0.000E+00  0.000E+00  0.000E+00  0.000E+00  0.000E+00  0.000E+00  0.000E+00  0.000E+00  0.000E+00  0.000E+00  0.000E+00  0.000E+00  0.000E+00  0.000E+00
  184.3500  0.000E+00  0.000E+00  0.000E+00  0.000E+00  0.000E+00  0.000E+00  0.000E+00  0.000E+00  0.000E+00  0.000E+00  0.000E+00  0.000E+00  0.000E+00  0.000E+00  0.000E+00  0.000E+00  0.000E+00  0.000E+00  0.000E+00  0.000E+00  0.000E+00  0.000E+00  0.000E+00  0.000E+00
  186.0500  0.000E+00  0.000E+00  0.000E+00  0.000E+00  0.000E+00  0.000E+00  0.000E+00  0.000E+00  0.000E+00  0.000E+00  0.000E+00  0.000E+00  0.000E+00  0.000E+00  0.000E+00  0.000E+00  0.000E+00  0.000E+00  0.000E+00  0.000E+00  0.000E+00  0.000E+00  0.000E+00  0.000E+00
  187.8000  0.000E+00  0.000E+00  0.000E+00  0.000E+00  0.000E+00  0.000E+00  0.000E+00  0.000E+00  0.000E+00  0.000E+00  0.000E+00  0.000E+00  0.000E+00  0.000E+00  0.000E+00  0.000E+00  0.000E+00  0.000E+00  0.000E+00  0.000E+00  0.000E+00  0.000E+00  0.000E+00  0.000E+00
  189.6000  0.000E+00  0.000E+00  0.000E+00  0.000E+00  0.000E+00  0.000E+00  0.000E+00  0.000E+00  0.000E+00  0.000E+00  0.000E+00  0.000E+00  0.000E+00  0.000E+00  0.000E+00  0.000E+00  0.000E+00  0.000E+00  0.000E+00  0.000E+00  0.000E+00  0.000E+00  0.000E+00  0.000E+00
  191.4000  0.000E+00  0.000E+00  0.000E+00  0.000E+00  0.000E+00  0.000E+00  0.000E+00  0.000E+00  0.000E+00  0.000E+00  0.000E+00  0.000E+00  0.000E+00  0.000E+00  0.000E+00  0.000E+00  0.000E+00  0.000E+00  0.000E+00  0.000E+00  0.000E+00  0.000E+00  0.000E+00  0.000E+00
  193.2500  0.000E+00  0.000E+00  0.000E+00  0.000E+00  0.000E+00  0.000E+00  0.000E+00  0.000E+00  0.000E+00  0.000E+00  0.000E+00  0.000E+00  0.000E+00  0.000E+00  0.000E+00  0.000E+00  0.000E+00  0.000E+00  0.000E+00  0.000E+00  0.000E+00  0.000E+00  0.000E+00  0.000E+00
  195.1500  0.000E+00  0.000E+00  0.000E+00  0.000E+00  0.000E+00  0.000E+00  0.000E+00  0.000E+00  0.000E+00  0.000E+00  0.000E+00  0.000E+00  0.000E+00  0.000E+00  0.000E+00  0.000E+00  0.000E+00  0.000E+00  0.000E+00  0.000E+00  0.000E+00  0.000E+00  0.000E+00  0.000E+00
  197.0500  0.000E+00  0.000E+00  0.000E+00  0.000E+00  0.000E+00  0.000E+00  0.000E+00  0.000E+00  0.000E+00  0.000E+00  0.000E+00  0.000E+00  0.000E+00  0.000E+00  0.000E+00  0.000E+00  0.000E+00  0.000E+00  0.000E+00  0.000E+00  0.000E+00  0.000E+00  0.000E+00  0.000E+00
  199.0000  0.000E+00  0.000E+00  0.000E+00  0.000E+00  0.000E+00  0.000E+00  0.000E+00  0.000E+00  0.000E+00  0.000E+00  0.000E+00  0.000E+00  0.000E+00  0.000E+00  0.000E+00  0.000E+00  0.000E+00  0.000E+00  0.000E+00  0.000E+00  0.000E+00  0.000E+00  0.000E+00  0.000E+00
  201.0000  0.000E+00  0.000E+00  0.000E+00  0.000E+00  0.000E+00  0.000E+00  0.000E+00  0.000E+00  0.000E+00  0.000E+00  0.000E+00  0.000E+00  0.000E+00  0.000E+00  0.000E+00  0.000E+00  0.000E+00  0.000E+00  0.000E+00  0.000E+00  0.000E+00  0.000E+00  0.000E+00  0.000E+00
  203.0500  0.000E+00  0.000E+00  0.000E+00  0.000E+00  0.000E+00  0.000E+00  0.000E+00  0.000E+00  0.000E+00  0.000E+00  0.000E+00  0.000E+00  0.000E+00  0.000E+00  0.000E+00  0.000E+00  0.000E+00  0.000E+00  0.000E+00  0.000E+00  0.000E+00  0.000E+00  0.000E+00  0.000E+00
  204.9500  0.000E+00  0.000E+00  0.000E+00  0.000E+00  0.000E+00  0.000E+00  0.000E+00  0.000E+00  0.000E+00  0.000E+00  0.000E+00  0.000E+00  0.000E+00  0.000E+00  0.000E+00  0.000E+00  0.000E+00  0.000E+00  0.000E+00  0.000E+00  0.000E+00  0.000E+00  0.000E+00  0.000E+00
  207.0665  0.000E+00  0.000E+00  0.000E+00  0.000E+00  0.000E+00  0.000E+00  0.000E+00  0.000E+00  0.000E+00  0.000E+00  0.000E+00  0.000E+00  0.000E+00  0.000E+00  0.000E+00  0.000E+00  0.000E+00  0.000E+00  0.000E+00  0.000E+00  0.000E+00  0.000E+00  0.000E+00  0.000E+00
  209.4295  0.000E+00  0.000E+00  0.000E+00  0.000E+00  0.000E+00  0.000E+00  0.000E+00  0.000E+00  0.000E+00  0.000E+00  0.000E+00  0.000E+00  0.000E+00  0.000E+00  0.000E+00  0.000E+00  0.000E+00  0.000E+00  0.000E+00  0.000E+00  0.000E+00  0.000E+00  0.000E+00  0.000E+00
  211.6460  0.000E+00  0.000E+00  0.000E+00  0.000E+00  0.000E+00  0.000E+00  0.000E+00  0.000E+00  0.000E+00  0.000E+00  0.000E+00  0.000E+00  0.000E+00  0.000E+00  0.000E+00  0.000E+00  0.000E+00  0.000E+00  0.000E+00  0.000E+00  0.000E+00  0.000E+00  0.000E+00  0.000E+00
  213.9100  0.000E+00  0.000E+00  0.000E+00  0.000E+00  0.000E+00  0.000E+00  0.000E+00  0.000E+00  0.000E+00  0.000E+00  0.000E+00  0.000E+00  0.000E+00  0.000E+00  0.000E+00  0.000E+00  0.000E+00  0.000E+00  0.000E+00  0.000E+00  0.000E+00  0.000E+00  0.000E+00  0.000E+00
  216.2225  0.000E+00  0.000E+00  0.000E+00  0.000E+00  0.000E+00  0.000E+00  0.000E+00  0.000E+00  0.000E+00  0.000E+00  0.000E+00  0.000E+00  0.000E+00  0.000E+00  0.000E+00  0.000E+00  0.000E+00  0.000E+00  0.000E+00  0.000E+00  0.000E+00  0.000E+00  0.000E+00  0.000E+00
  218.5855  0.000E+00  0.000E+00  0.000E+00  0.000E+00  0.000E+00  0.000E+00  0.000E+00  0.000E+00  0.000E+00  0.000E+00  0.000E+00  0.000E+00  0.000E+00  0.000E+00  0.000E+00  0.000E+00  0.000E+00  0.000E+00  0.000E+00  0.000E+00  0.000E+00  0.000E+00  0.000E+00  0.000E+00
  221.0010  0.000E+00  0.000E+00  0.000E+00  0.000E+00  0.000E+00  0.000E+00  0.000E+00  0.000E+00  0.000E+00  0.000E+00  0.000E+00  0.000E+00  0.000E+00  0.000E+00  0.000E+00  0.000E+00  0.000E+00  0.000E+00  0.000E+00  0.000E+00  0.000E+00  0.000E+00  0.000E+00  0.000E+00
  223.4705  0.000E+00  0.000E+00  0.000E+00  0.000E+00  0.000E+00  0.000E+00  0.000E+00  0.000E+00  0.000E+00  0.000E+00  0.000E+00  0.000E+00  0.000E+00  0.000E+00  0.000E+00  0.000E+00  0.000E+00  0.000E+00  0.000E+00  0.000E+00  0.000E+00  0.000E+00  0.000E+00  0.000E+00
  225.9960  0.000E+00  0.000E+00  0.000E+00  0.000E+00  0.000E+00  0.000E+00  0.000E+00  0.000E+00  0.000E+00  0.000E+00  0.000E+00  0.000E+00  0.000E+00  0.000E+00  0.000E+00  0.000E+00  0.000E+00  0.000E+00  0.000E+00  0.000E+00  0.000E+00  0.000E+00  0.000E+00  0.000E+00
  228.5790  0.000E+00  0.000E+00  0.000E+00  0.000E+00  0.000E+00  0.000E+00  0.000E+00  0.000E+00  0.000E+00  0.000E+00  0.000E+00  0.000E+00  0.000E+00  0.000E+00  0.000E+00  0.000E+00  0.000E+00  0.000E+00  0.000E+00  0.000E+00  0.000E+00  0.000E+00  0.000E+00  0.000E+00
  231.2215  0.000E+00  0.000E+00  0.000E+00  0.000E+00  0.000E+00  0.000E+00  0.000E+00  0.000E+00  0.000E+00  0.000E+00  0.000E+00  0.000E+00  0.000E+00  0.000E+00  0.000E+00  0.000E+00  0.000E+00  0.000E+00  0.000E+00  0.000E+00  0.000E+00  0.000E+00  0.000E+00  0.000E+00
  233.9260  0.000E+00  0.000E+00  0.000E+00  0.000E+00  0.000E+00  0.000E+00  0.000E+00  0.000E+00  0.000E+00  0.000E+00  0.000E+00  0.000E+00  0.000E+00  0.000E+00  0.000E+00  0.000E+00  0.000E+00  0.000E+00  0.000E+00  0.000E+00  0.000E+00  0.000E+00  0.000E+00  0.000E+00
  236.6945  0.000E+00  0.000E+00  0.000E+00  0.000E+00  0.000E+00  0.000E+00  0.000E+00  0.000E+00  0.000E+00  0.000E+00  0.000E+00  0.000E+00  0.000E+00  0.000E+00  0.000E+00  0.000E+00  0.000E+00  0.000E+00  0.000E+00  0.000E+00  0.000E+00  0.000E+00  0.000E+00  0.000E+00
  239.5295  0.000E+00  0.000E+00  0.000E+00  0.000E+00  0.000E+00  0.000E+00  0.000E+00  0.000E+00  0.000E+00  0.000E+00  0.000E+00  0.000E+00  0.000E+00  0.000E+00  0.000E+00  0.000E+00  0.000E+00  0.000E+00  0.000E+00  0.000E+00  0.000E+00  0.000E+00  0.000E+00  0.000E+00
  242.4330  0.000E+00  0.000E+00  0.000E+00  0.000E+00  0.000E+00  0.000E+00  0.000E+00  0.000E+00  0.000E+00  0.000E+00  0.000E+00  0.000E+00  0.000E+00  0.000E+00  0.000E+00  0.000E+00  0.000E+00  0.000E+00  0.000E+00  0.000E+00  0.000E+00  0.000E+00  0.000E+00  0.000E+00
  245.4080  0.000E+00  0.000E+00  0.000E+00  0.000E+00  0.000E+00  0.000E+00  0.000E+00  0.000E+00  0.000E+00  0.000E+00  0.000E+00  0.000E+00  0.000E+00  0.000E+00  0.000E+00  0.000E+00  0.000E+00  0.000E+00  0.000E+00  0.000E+00  0.000E+00  0.000E+00  0.000E+00  0.000E+00
  248.4570  0.000E+00  0.000E+00  0.000E+00  0.000E+00  0.000E+00  0.000E+00  0.000E+00  0.000E+00  0.000E+00  0.000E+00  0.000E+00  0.000E+00  0.000E+00  0.000E+00  0.000E+00  0.000E+00  0.000E+00  0.000E+00  0.000E+00  0.000E+00  0.000E+00  0.000E+00  0.000E+00  0.000E+00
  251.5825  0.000E+00  0.000E+00  0.000E+00  0.000E+00  0.000E+00  0.000E+00  0.000E+00  0.000E+00  0.000E+00  0.000E+00  0.000E+00  0.000E+00  0.000E+00  0.000E+00  0.000E+00  0.000E+00  0.000E+00  0.000E+00  0.000E+00  0.000E+00  0.000E+00  0.000E+00  0.000E+00  0.000E+00
  254.7875  0.000E+00  0.000E+00  0.000E+00  0.000E+00  0.000E+00  0.000E+00  0.000E+00  0.000E+00  0.000E+00  0.000E+00  0.000E+00  0.000E+00  0.000E+00  0.000E+00  0.000E+00  0.000E+00  0.000E+00  0.000E+00  0.000E+00  0.000E+00  0.000E+00  0.000E+00  0.000E+00  0.000E+00
  258.0750  0.000E+00  0.000E+00  0.000E+00  0.000E+00  0.000E+00  0.000E+00  0.000E+00  0.000E+00  0.000E+00  0.000E+00  0.000E+00  0.000E+00  0.000E+00  0.000E+00  0.000E+00  0.000E+00  0.000E+00  0.000E+00  0.000E+00  0.000E+00  0.000E+00  0.000E+00  0.000E+00  0.000E+00
  261.4490  0.000E+00  0.000E+00  0.000E+00  0.000E+00  0.000E+00  0.000E+00  0.000E+00  0.000E+00  0.000E+00  0.000E+00  0.000E+00  0.000E+00  0.000E+00  0.000E+00  0.000E+00  0.000E+00  0.000E+00  0.000E+00  0.000E+00  0.000E+00  0.000E+00  0.000E+00  0.000E+00  0.000E+00
  264.9125  0.000E+00  0.000E+00  0.000E+00  0.000E+00  0.000E+00  0.000E+00  0.000E+00  0.000E+00  0.000E+00  0.000E+00  0.000E+00  0.000E+00  0.000E+00  0.000E+00  0.000E+00  0.000E+00  0.000E+00  0.000E+00  0.000E+00  0.000E+00  0.000E+00  0.000E+00  0.000E+00  0.000E+00
  268.4685  0.000E+00  0.000E+00  0.000E+00  0.000E+00  0.000E+00  0.000E+00  0.000E+00  0.000E+00  0.000E+00  0.000E+00  0.000E+00  0.000E+00  0.000E+00  0.000E+00  0.000E+00  0.000E+00  0.000E+00  0.000E+00  0.000E+00  0.000E+00  0.000E+00  0.000E+00  0.000E+00  0.000E+00
  272.1215  0.000E+00  0.000E+00  0.000E+00  0.000E+00  0.000E+00  0.000E+00  0.000E+00  0.000E+00  0.000E+00  0.000E+00  0.000E+00  0.000E+00  0.000E+00  0.000E+00  0.000E+00  0.000E+00  0.000E+00  0.000E+00  0.000E+00  0.000E+00  0.000E+00  0.000E+00  0.000E+00  0.000E+00
  275.8755  0.000E+00  0.000E+00  0.000E+00  0.000E+00  0.000E+00  0.000E+00  0.000E+00  0.000E+00  0.000E+00  0.000E+00  0.000E+00  0.000E+00  0.000E+00  0.000E+00  0.000E+00  0.000E+00  0.000E+00  0.000E+00  0.000E+00  0.000E+00  0.000E+00  0.000E+00  0.000E+00  0.000E+00
  279.7340  0.000E+00  0.000E+00  0.000E+00  0.000E+00  0.000E+00  0.000E+00  0.000E+00  0.000E+00  0.000E+00  0.000E+00  0.000E+00  0.000E+00  0.000E+00  0.000E+00  0.000E+00  0.000E+00  0.000E+00  0.000E+00  0.000E+00  0.000E+00  0.000E+00  0.000E+00  0.000E+00  0.000E+00
  283.7020  0.000E+00  0.000E+00  0.000E+00  0.000E+00  0.000E+00  0.000E+00  0.000E+00  0.000E+00  0.000E+00  0.000E+00  0.000E+00  0.000E+00  0.000E+00  0.000E+00  0.000E+00  0.000E+00  0.000E+00  0.000E+00  0.000E+00  0.000E+00  0.000E+00  0.000E+00  0.000E+00  0.000E+00
  287.7845  0.000E+00  0.000E+00  0.000E+00  0.000E+00  0.000E+00  0.000E+00  0.000E+00  0.000E+00  0.000E+00  0.000E+00  0.000E+00  0.000E+00  0.000E+00  0.000E+00  0.000E+00  0.000E+00  0.000E+00  0.000E+00  0.000E+00  0.000E+00  0.000E+00  0.000E+00  0.000E+00  0.000E+00
  291.9865  6.563E+05  3.838E+05  1.859E+05  9.602E+04  9.802E+04  1.907E+05  3.917E+05  6.672E+05  1.052E+06  1.656E+06  2.740E+06  5.795E+06  2.249E+07  8.928E+07  2.254E+08  3.519E+08  3.504E+08  2.225E+08  8.736E+07  2.189E+07  5.695E+06  2.716E+06  1.646E+06  1.047E+06
  296.3090  1.059E+08  5.925E+07  2.827E+07  1.478E+07  1.507E+07  2.901E+07  6.054E+07  1.079E+08  1.818E+08  3.154E+08  6.987E+08  2.673E+09  1.012E+10  2.628E+10  4.729E+10  6.236E+10  6.220E+10  4.691E+10  2.592E+10  9.914E+09  2.608E+09  6.871E+08  3.131E+08  1.808E+08
  300.5000  2.275E+09  1.180E+09  5.421E+08  2.833E+08  2.887E+08  5.564E+08  1.209E+09  2.324E+09  4.374E+09  1.026E+10  3.906E+10  1.419E+11  3.630E+11  6.757E+11  9.827E+11  1.171E+12  1.169E+12  9.777E+11  6.696E+11  3.581E+11  1.393E+11  3.821E+10  1.011E+10  4.343E+09
  303.0000  1.279E+10  6.186E+09  2.727E+09  1.413E+09  1.439E+09  2.802E+09  6.346E+09  1.310E+10  2.848E+10  9.375E+10  3.670E+11  1.064E+12  2.213E+12  3.568E+12  4.753E+12  5.435E+12  5.428E+12  4.735E+12  3.543E+12  2.189E+12  1.048E+12  3.600E+11  9.219E+10  2.821E+10
  304.0000  1.717E+10  8.103E+09  3.519E+09  1.816E+09  1.850E+09  3.617E+09  8.320E+09  1.761E+10  4.091E+10  1.463E+11  5.502E+11  1.492E+12  2.946E+12  4.587E+12  5.982E+12  6.772E+12  6.764E+12  5.960E+12  4.557E+12  2.917E+12  1.471E+12  5.403E+11  1.435E+11  4.047E+10
  305.0000  3.128E+10  1.414E+10  5.991E+09  3.071E+09  3.127E+09  6.161E+09  1.453E+10  3.215E+10  8.388E+10  3.232E+11  1.127E+12  2.792E+12  5.154E+12  7.676E+12  9.745E+12  1.089E+13  1.088E+13  9.713E+12  7.631E+12  5.109E+12  2.757E+12  1.109E+12  3.173E+11  8.286E+10
  306.0000  3.629E+10  1.582E+10  6.571E+09  3.348E+09  3.409E+09  6.760E+09  1.627E+10  3.737E+10  1.069E+11  4.214E+11  1.382E+12  3.220E+12  5.691E+12  8.234E+12  1.027E+13  1.139E+13  1.138E+13  1.024E+13  8.190E+12  5.645E+12  3.183E+12  1.360E+12  4.138E+11  1.055E+11
  307.0000  6.012E+10  2.486E+10  1.006E+10  5.082E+09  5.174E+09  1.035E+10  2.560E+10  6.211E+10  1.979E+11  7.760E+11  2.359E+12  5.144E+12  8.675E+12  1.217E+13  1.491E+13  1.639E+13  1.638E+13  1.487E+13  1.211E+13  8.610E+12  5.088E+12  2.325E+12  7.642E+11  1.952E+11
  308.0000  9.295E+10  3.597E+10  1.411E+10  7.055E+09  7.183E+09  1.453E+10  3.711E+10  9.637E+10  3.373E+11  1.278E+12  3.588E+12  7.348E+12  1.187E+13  1.619E+13  1.951E+13  2.127E+13  2.126E+13  1.946E+13  1.612E+13  1.179E+13  7.275E+12  3.541E+12  1.257E+12  3.324E+11
  309.0000  1.150E+11  4.248E+10  1.631E+10  8.101E+09  8.248E+09  1.681E+10  4.386E+10  1.195E+11  4.381E+11  1.610E+12  4.321E+12  8.538E+12  1.346E+13  1.807E+13  2.156E+13  2.341E+13  2.339E+13  2.151E+13  1.799E+13  1.337E+13  8.458E+12  4.266E+12  1.585E+12  4.319E+11
  310.0000  1.669E+11  5.526E+10  2.018E+10  9.846E+09  1.002E+10  2.082E+10  5.719E+10  1.743E+11  6.717E+11  2.270E+12  5.560E+12  1.028E+13  1.550E+13  2.021E+13  2.370E+13  2.552E+13  2.551E+13  2.365E+13  2.013E+13  1.540E+13  1.019E+13  5.496E+12  2.234E+12  6.624E+11
  311.0000  3.373E+11  1.061E+11  3.782E+10  1.828E+10  1.861E+10  3.904E+10  1.100E+11  3.528E+11  1.369E+12  4.444E+12  1.048E+13  1.885E+13  2.789E+13  3.594E+13  4.183E+13  4.490E+13  4.487E+13  4.174E+13  3.581E+13  2.773E+13  1.870E+13  1.037E+13  4.391E+12  1.351E+12
  312.0000  4.029E+11  1.174E+11  4.002E+10  1.903E+10  1.938E+10  4.136E+10  1.219E+11  4.221E+11  1.618E+12  4.929E+12  1.097E+13  1.896E+13  2.732E+13  3.461E+13  3.987E+13  4.259E+13  4.256E+13  3.979E+13  3.449E+13  2.717E+13  1.882E+13  1.086E+13  4.854E+12  1.597E+12
  313.0000  6.198E+11  1.685E+11  5.449E+10  2.538E+10  2.584E+10  5.638E+10  1.754E+11  6.497E+11  2.399E+12  6.789E+12  1.431E+13  2.380E+13  3.342E+13  4.163E+13  4.749E+13  5.050E+13  5.047E+13  4.740E+13  4.150E+13  3.325E+13  2.363E+13  1.418E+13  6.710E+12  2.369E+12
  314.0000  7.713E+11  2.045E+11  6.463E+10  2.984E+10  3.038E+10  6.691E+10  2.132E+11  8.087E+11  2.933E+12  8.100E+12  1.666E+13  2.729E+13  3.792E+13  4.691E+13  5.329E+13  5.655E+13  5.652E+13  5.320E+13  4.677E+13  3.773E+13  2.710E+13  1.651E+13  8.002E+12  2.897E+12
  316.0000  1.348E+12  3.411E+11  9.718E+10  4.290E+10  4.369E+10  1.009E+11  3.571E+11  1.410E+12  4.581E+12  1.128E+13  2.136E+13  3.306E+13  4.426E+13  5.346E+13  5.986E+13  6.310E+13  6.307E+13  5.976E+13  5.331E+13  4.407E+13  3.286E+13  2.119E+13  1.115E+13  4.531E+12
  320.0000  3.253E+12  8.771E+11  2.242E+11  9.233E+10  9.405E+10  2.335E+11  9.198E+11  3.385E+12  9.365E+12  2.025E+13  3.512E+13  5.111E+13  6.567E+13  7.723E+13  8.509E+13  8.903E+13  8.899E+13  8.498E+13  7.704E+13  6.543E+13  5.085E+13  3.487E+13  2.009E+13  9.278E+12
  325.0000  7.065E+12  2.237E+12  5.738E+11  2.234E+11  2.274E+11  5.990E+11  2.337E+12  7.309E+12  1.743E+13  3.405E+13  5.493E+13  7.610E+13  9.457E+13  1.088E+14  1.183E+14  1.230E+14  1.230E+14  1.182E+14  1.086E+14  9.427E+13  7.575E+13  5.459E+13  3.380E+13  1.729E+13
  330.0000  1.133E+13  3.967E+12  1.081E+12  4.193E+11  4.266E+11  1.128E+12  4.132E+12  1.169E+13  2.608E+13  4.873E+13  7.593E+13  1.026E+14  1.253E+14  1.425E+14  1.539E+14  1.595E+14  1.594E+14  1.537E+14  1.422E+14  1.249E+14  1.022E+14  7.550E+13  4.835E+13  2.589E+13
  335.0000  1.275E+13  4.785E+12  1.387E+12  5.455E+11  5.545E+11  1.445E+12  4.970E+12  1.313E+13  2.820E+13  5.126E+13  7.806E+13  1.036E+14  1.250E+14  1.410E+14  1.514E+14  1.566E+14  1.565E+14  1.513E+14  1.407E+14  1.247E+14  1.032E+14  7.764E+13  5.090E+13  2.800E+13
  340.0000  1.511E+13  5.830E+12  1.739E+12  6.901E+11  7.011E+11  1.811E+12  6.047E+12  1.555E+13  3.303E+13  5.935E+13  8.921E+13  1.172E+14  1.402E+14  1.572E+14  1.683E+14  1.737E+14  1.736E+14  1.681E+14  1.569E+14  1.398E+14  1.167E+14  8.875E+13  5.896E+13  3.280E+13
  345.0000  1.579E+13  6.161E+12  1.863E+12  7.422E+11  7.538E+11  1.939E+12  6.388E+12  1.624E+13  3.446E+13  6.150E+13  9.156E+13  1.192E+14  1.417E+14  1.582E+14  1.689E+14  1.740E+14  1.740E+14  1.687E+14  1.579E+14  1.413E+14  1.188E+14  9.110E+13  6.110E+13  3.421E+13
  350.0000  1.704E+13  6.618E+12  1.992E+12  7.897E+11  8.020E+11  2.074E+12  6.862E+12  1.754E+13  3.750E+13  6.681E+13  9.879E+13  1.278E+14  1.511E+14  1.681E+14  1.791E+14  1.844E+14  1.843E+14  1.789E+14  1.679E+14  1.507E+14  1.273E+14  9.830E+13  6.637E+13  3.723E+13
  355.0000  1.877E+13  7.288E+12  2.197E+12  8.694E+11  8.828E+11  2.288E+12  7.556E+12  1.931E+13  4.148E+13  7.357E+13  1.079E+14  1.386E+14  1.631E+14  1.808E+14  1.921E+14  1.976E+14  1.975E+14  1.919E+14  1.805E+14  1.627E+14  1.381E+14  1.074E+14  7.310E+13  4.119E+13
  360.0000  1.779E+13  6.887E+12  2.073E+12  8.173E+11  8.299E+11  2.159E+12  7.141E+12  1.832E+13  3.956E+13  6.987E+13  1.017E+14  1.298E+14  1.519E+14  1.679E+14  1.780E+14  1.829E+14  1.829E+14  1.779E+14  1.676E+14  1.516E+14  1.293E+14  1.012E+14  6.942E+13  3.929E+13
  365.0000  2.344E+13  9.034E+12  2.713E+12  1.065E+12  1.081E+12  2.825E+12  9.366E+12  2.414E+13  5.243E+13  9.214E+13  1.331E+14  1.688E+14  1.967E+14  2.166E+14  2.293E+14  2.354E+14  2.353E+14  2.291E+14  2.163E+14  1.963E+14  1.683E+14  1.325E+14  9.157E+13  5.206E+13
  370.0000  2.523E+13  9.672E+12  2.895E+12  1.131E+12  1.148E+12  3.016E+12  1.003E+13  2.599E+13  5.676E+13  9.923E+13  1.423E+14  1.793E+14  2.081E+14  2.285E+14  2.414E+14  2.475E+14  2.475E+14  2.412E+14  2.282E+14  2.076E+14  1.788E+14  1.417E+14  9.862E+13  5.636E+13
  375.0000  2.359E+13  8.989E+12  2.682E+12  1.042E+12  1.058E+12  2.794E+12  9.321E+12  2.431E+13  5.336E+13  9.275E+13  1.321E+14  1.654E+14  1.911E+14  2.093E+14  2.207E+14  2.261E+14  2.261E+14  2.205E+14  2.090E+14  1.907E+14  1.649E+14  1.315E+14  9.219E+13  5.298E+13
  380.0000  2.808E+13  1.063E+13  3.162E+12  1.223E+12  1.242E+12  3.295E+12  1.102E+13  2.895E+13  6.380E+13  1.102E+14  1.558E+14  1.940E+14  2.232E+14  2.438E+14  2.567E+14  2.628E+14  2.628E+14  2.565E+14  2.435E+14  2.228E+14  1.935E+14  1.551E+14  1.096E+14  6.335E+13
  385.0000  2.193E+13  8.241E+12  2.444E+12  9.404E+11  9.548E+11  2.547E+12  8.546E+12  2.261E+13  5.000E+13  8.582E+13  1.204E+14  1.492E+14  1.709E+14  1.862E+14  1.957E+14  2.003E+14  2.002E+14  1.956E+14  1.860E+14  1.706E+14  1.487E+14  1.199E+14  8.533E+13  4.965E+13
  390.0000  2.965E+13  1.106E+13  3.271E+12  1.251E+12  1.270E+12  3.410E+12  1.147E+13  3.059E+13  6.783E+13  1.156E+14  1.611E+14  1.985E+14  2.266E+14  2.462E+14  2.585E+14  2.643E+14  2.642E+14  2.583E+14  2.459E+14  2.262E+14  1.979E+14  1.604E+14  1.150E+14  6.736E+13
  395.0000  2.383E+13  8.819E+12  2.601E+12  9.887E+11  1.004E+12  2.712E+12  9.148E+12  2.459E+13  5.462E+13  9.248E+13  1.279E+14  1.568E+14  1.784E+14  1.934E+14  2.027E+14  2.071E+14  2.071E+14  2.026E+14  1.931E+14  1.781E+14  1.564E+14  1.274E+14  9.195E+13  5.425E+13
  400.0000  4.583E+13  1.682E+13  4.950E+12  1.872E+12  1.901E+12  5.162E+12  1.745E+13  4.732E+13  1.052E+14  1.768E+14  2.429E+14  2.963E+14  3.359E+14  3.633E+14  3.803E+14  3.884E+14  3.883E+14  3.801E+14  3.629E+14  3.353E+14  2.954E+14  2.420E+14  1.758E+14  1.045E+14
  405.0000  4.841E+13  1.762E+13  5.173E+12  1.946E+12  1.976E+12  5.395E+12  1.828E+13  4.999E+13  1.112E+14  1.855E+14  2.531E+14  3.072E+14  3.473E+14  3.748E+14  3.918E+14  3.999E+14  3.998E+14  3.916E+14  3.744E+14  3.466E+14  3.064E+14  2.522E+14  1.845E+14  1.105E+14
  410.0000  5.170E+13  1.864E+13  5.462E+12  2.043E+12  2.075E+12  5.698E+12  1.934E+13  5.341E+13  1.188E+14  1.966E+14  2.666E+14  3.221E+14  3.629E+14  3.909E+14  4.082E+14  4.163E+14  4.162E+14  4.079E+14  3.905E+14  3.623E+14  3.213E+14  2.656E+14  1.956E+14  1.180E+14
  415.0000  5.581E+13  1.994E+13  5.832E+12  2.170E+12  2.204E+12  6.085E+12  2.069E+13  5.766E+13  1.281E+14  2.104E+14  2.835E+14  3.410E+14  3.831E+14  4.119E+14  4.296E+14  4.379E+14  4.378E+14  4.293E+14  4.114E+14  3.825E+14  3.402E+14  2.825E+14  2.093E+14  1.272E+14
  420.0000  5.833E+13  2.064E+13  6.026E+12  2.230E+12  2.265E+12  6.288E+12  2.142E+13  6.028E+13  1.337E+14  2.180E+14  2.919E+14  3.496E+14  3.916E+14  4.202E+14  4.378E+14  4.461E+14  4.460E+14  4.376E+14  4.198E+14  3.910E+14  3.487E+14  2.908E+14  2.168E+14  1.328E+14
  425.0000  5.760E+13  2.017E+13  5.875E+12  2.162E+12  2.197E+12  6.132E+12  2.093E+13  5.955E+13  1.318E+14  2.133E+14  2.839E+14  3.387E+14  3.784E+14  4.054E+14  4.219E+14  4.297E+14  4.296E+14  4.217E+14  4.050E+14  3.778E+14  3.379E+14  2.829E+14  2.122E+14  1.309E+14
  430.0000  5.502E+13  1.908E+13  5.551E+12  2.033E+12  2.065E+12  5.795E+12  1.980E+13  5.689E+13  1.255E+14  2.016E+14  2.669E+14  3.171E+14  3.534E+14  3.779E+14  3.929E+14  4.000E+14  3.999E+14  3.927E+14  3.775E+14  3.528E+14  3.163E+14  2.659E+14  2.007E+14  1.247E+14
  435.0000  6.607E+13  2.267E+13  6.587E+12  2.400E+12  2.439E+12  6.876E+12  2.354E+13  6.833E+13  1.503E+14  2.396E+14  3.154E+14  3.733E+14  4.150E+14  4.432E+14  4.603E+14  4.684E+14  4.683E+14  4.601E+14  4.427E+14  4.144E+14  3.725E+14  3.143E+14  2.384E+14  1.493E+14
  440.0000  7.019E+13  2.380E+13  6.895E+12  2.498E+12  2.538E+12  7.199E+12  2.472E+13  7.259E+13  1.591E+14  2.520E+14  3.300E+14  3.893E+14  4.317E+14  4.604E+14  4.778E+14  4.859E+14  4.859E+14  4.775E+14  4.599E+14  4.311E+14  3.884E+14  3.289E+14  2.508E+14  1.582E+14
  445.0000  7.789E+13  2.613E+13  7.552E+12  2.722E+12  2.766E+12  7.886E+12  2.714E+13  8.057E+13  1.759E+14  2.766E+14  3.604E+14  4.237E+14  4.689E+14  4.993E+14  5.177E+14  5.264E+14  5.263E+14  5.174E+14  4.988E+14  4.682E+14  4.227E+14  3.592E+14  2.753E+14  1.749E+14
  450.0000  8.562E+13  2.842E+13  8.204E+12  2.944E+12  2.992E+12  8.567E+12  2.953E+13  8.858E+13  1.925E+14  3.006E+14  3.896E+14  4.566E+14  5.042E+14  5.361E+14  5.555E+14  5.645E+14  5.645E+14  5.552E+14  5.356E+14  5.034E+14  4.556E+14  3.884E+14  2.992E+14  1.914E+14
  455.0000  8.651E+13  2.840E+13  8.181E+12  2.922E+12  2.971E+12  8.544E+12  2.952E+13  8.950E+13  1.936E+14  3.003E+14  3.873E+14  4.525E+14  4.987E+14  5.296E+14  5.483E+14  5.571E+14  5.570E+14  5.480E+14  5.291E+14  4.980E+14  4.515E+14  3.861E+14  2.989E+14  1.925E+14
  460.0000  9.131E+13  2.952E+13  8.431E+12  2.985E+12  3.036E+12  8.807E+12  3.070E+13  9.449E+13  2.039E+14  3.144E+14  4.040E+14  4.708E+14  5.180E+14  5.495E+14  5.686E+14  5.775E+14  5.774E+14  5.683E+14  5.490E+14  5.172E+14  4.698E+14  4.028E+14  3.130E+14  2.027E+14
  465.0000  9.327E+13  2.986E+13  8.522E+12  3.008E+12  3.059E+12  8.903E+12  3.106E+13  9.652E+13  2.071E+14  3.172E+14  4.057E+14  4.713E+14  5.175E+14  5.484E+14  5.670E+14  5.757E+14  5.756E+14  5.667E+14  5.479E+14  5.168E+14  4.703E+14  4.044E+14  3.158E+14  2.059E+14
  470.0000  9.563E+13  3.028E+13  8.620E+12  3.031E+12  3.083E+12  9.006E+12  3.151E+13  9.895E+13  2.112E+14  3.214E+14  4.093E+14  4.742E+14  5.199E+14  5.503E+14  5.686E+14  5.771E+14  5.771E+14  5.683E+14  5.498E+14  5.192E+14  4.733E+14  4.081E+14  3.200E+14  2.099E+14
  475.0000  9.953E+13  3.114E+13  8.828E+12  3.089E+12  3.142E+12  9.224E+12  3.242E+13  1.030E+14  2.187E+14  3.309E+14  4.198E+14  4.852E+14  5.310E+14  5.615E+14  5.799E+14  5.884E+14  5.883E+14  5.796E+14  5.610E+14  5.303E+14  4.842E+14  4.186E+14  3.295E+14  2.175E+14
  480.0000  1.041E+14  3.195E+13  8.910E+12  3.078E+12  3.132E+12  9.314E+12  3.330E+13  1.078E+14  2.286E+14  3.447E+14  4.362E+14  5.032E+14  5.502E+14  5.814E+14  6.002E+14  6.089E+14  6.088E+14  5.999E+14  5.809E+14  5.495E+14  5.022E+14  4.349E+14  3.433E+14  2.273E+14
  485.0000  9.722E+13  2.949E+13  8.186E+12  2.815E+12  2.865E+12  8.558E+12  3.075E+13  1.006E+14  2.123E+14  3.184E+14  4.014E+14  4.620E+14  5.044E+14  5.325E+14  5.494E+14  5.573E+14  5.572E+14  5.492E+14  5.321E+14  5.038E+14  4.611E+14  4.002E+14  3.171E+14  2.111E+14
  490.0000  1.044E+14  3.142E+13  8.716E+12  2.994E+12  3.048E+12  9.111E+12  3.278E+13  1.081E+14  2.265E+14  3.376E+14  4.238E+14  4.867E+14  5.305E+14  5.595E+14  5.770E+14  5.851E+14  5.850E+14  5.767E+14  5.591E+14  5.298E+14  4.857E+14  4.227E+14  3.362E+14  2.252E+14
  495.0000  1.091E+14  3.244E+13  8.943E+12  3.058E+12  3.113E+12  9.349E+12  3.387E+13  1.129E+14  2.354E+14  3.491E+14  4.370E+14  5.007E+14  5.451E+14  5.745E+14  5.921E+14  6.003E+14  6.002E+14  5.918E+14  5.740E+14  5.444E+14  4.998E+14  4.358E+14  3.477E+14  2.341E+14
  500.0000  1.055E+14  3.078E+13  8.327E+12  2.812E+12  2.864E+12  8.709E+12  3.216E+13  1.092E+14  2.274E+14  3.364E+14  4.203E+14  4.810E+14  5.233E+14  5.512E+14  5.679E+14  5.757E+14  5.757E+14  5.677E+14  5.507E+14  5.226E+14  4.801E+14  4.191E+14  3.350E+14  2.262E+14
  505.0000  1.080E+14  3.080E+13  8.123E+12  2.698E+12  2.749E+12  8.502E+12  3.222E+13  1.118E+14  2.331E+14  3.443E+14  4.297E+14  4.915E+14  5.344E+14  5.627E+14  5.798E+14  5.877E+14  5.876E+14  5.795E+14  5.623E+14  5.337E+14  4.905E+14  4.285E+14  3.429E+14  2.319E+14
  510.0000  1.103E+14  3.126E+13  8.242E+12  2.740E+12  2.791E+12  8.625E+12  3.272E+13  1.142E+14  2.364E+14  3.471E+14  4.317E+14  4.926E+14  5.349E+14  5.628E+14  5.796E+14  5.874E+14  5.873E+14  5.793E+14  5.624E+14  5.343E+14  4.917E+14  4.305E+14  3.458E+14  2.351E+14
  515.0000  1.048E+14  2.942E+13  7.706E+12  2.555E+12  2.604E+12  8.065E+12  3.081E+13  1.084E+14  2.233E+14  3.264E+14  4.047E+14  4.611E+14  5.001E+14  5.258E+14  5.413E+14  5.484E+14  5.483E+14  5.410E+14  5.254E+14  4.995E+14  4.602E+14  4.036E+14  3.251E+14  2.221E+14
  520.0000  1.097E+14  3.040E+13  7.863E+12  2.590E+12  2.640E+12  8.230E+12  3.187E+13  1.135E+14  2.330E+14  3.394E+14  4.200E+14  4.778E+14  5.178E+14  5.442E+14  5.600E+14  5.673E+14  5.673E+14  5.598E+14  5.438E+14  5.172E+14  4.769E+14  4.189E+14  3.381E+14  2.318E+14
  525.0000  1.110E+14  3.016E+13  7.617E+12  2.476E+12  2.525E+12  7.977E+12  3.165E+13  1.148E+14  2.357E+14  3.429E+14  4.239E+14  4.820E+14  5.222E+14  5.487E+14  5.646E+14  5.719E+14  5.719E+14  5.643E+14  5.483E+14  5.216E+14  4.812E+14  4.228E+14  3.417E+14  2.345E+14
  530.0000  1.170E+14  3.104E+13  7.598E+12  2.426E+12  2.475E+12  7.964E+12  3.262E+13  1.211E+14  2.492E+14  3.626E+14  4.482E+14  5.096E+14  5.521E+14  5.801E+14  5.969E+14  6.047E+14  6.046E+14  5.966E+14  5.797E+14  5.515E+14  5.087E+14  4.471E+14  3.612E+14  2.479E+14
  535.0000  1.150E+14  3.013E+13  7.261E+12  2.303E+12  2.350E+12  7.612E+12  3.170E+13  1.191E+14  2.444E+14  3.548E+14  4.379E+14  4.974E+14  5.385E+14  5.656E+14  5.819E+14  5.894E+14  5.893E+14  5.816E+14  5.652E+14  5.379E+14  4.965E+14  4.368E+14  3.535E+14  2.432E+14
  540.0000  1.177E+14  3.061E+13  7.321E+12  2.320E+12  2.367E+12  7.674E+12  3.223E+13  1.218E+14  2.488E+14  3.597E+14  4.428E+14  5.022E+14  5.433E+14  5.703E+14  5.865E+14  5.940E+14  5.940E+14  5.863E+14  5.699E+14  5.426E+14  5.013E+14  4.417E+14  3.583E+14  2.475E+14
  545.0000  1.209E+14  3.101E+13  7.282E+12  2.291E+12  2.338E+12  7.635E+12  3.269E+13  1.251E+14  2.550E+14  3.680E+14  4.525E+14  5.128E+14  5.545E+14  5.819E+14  5.984E+14  6.060E+14  6.059E+14  5.981E+14  5.815E+14  5.539E+14  5.119E+14  4.513E+14  3.666E+14  2.537E+14
  550.0000  1.231E+14  3.124E+13  7.227E+12  2.263E+12  2.310E+12  7.579E+12  3.296E+13  1.274E+14  2.589E+14  3.726E+14  4.575E+14  5.180E+14  5.598E+14  5.873E+14  6.038E+14  6.114E+14  6.114E+14  6.035E+14  5.869E+14  5.592E+14  5.171E+14  4.563E+14  3.713E+14  2.576E+14
  555.0000  1.244E+14  3.119E+13  7.093E+12  2.212E+12  2.258E+12  7.439E+12  3.294E+13  1.287E+14  2.604E+14  3.736E+14  4.578E+14  5.177E+14  5.591E+14  5.863E+14  6.026E+14  6.101E+14  6.100E+14  6.023E+14  5.858E+14  5.584E+14  5.168E+14  4.566E+14  3.723E+14  2.591E+14
  560.0000  1.215E+14  2.995E+13  6.621E+12  2.041E+12  2.084E+12  6.948E+12  3.167E+13  1.258E+14  2.548E+14  3.657E+14  4.480E+14  5.067E+14  5.472E+14  5.738E+14  5.898E+14  5.972E+14  5.971E+14  5.895E+14  5.734E+14  5.465E+14  5.058E+14  4.469E+14  3.643E+14  2.536E+14
  565.0000  1.217E+14  2.946E+13  6.322E+12  1.925E+12  1.966E+12  6.638E+12  3.119E+13  1.260E+14  2.559E+14  3.674E+14  4.502E+14  5.093E+14  5.500E+14  5.768E+14  5.929E+14  6.004E+14  6.003E+14  5.926E+14  5.764E+14  5.493E+14  5.084E+14  4.491E+14  3.660E+14  2.546E+14
  570.0000  1.220E+14  2.914E+13  6.119E+12  1.851E+12  1.891E+12  6.427E+12  3.089E+13  1.263E+14  2.563E+14  3.676E+14  4.502E+14  5.090E+14  5.496E+14  5.764E+14  5.924E+14  5.999E+14  5.998E+14  5.922E+14  5.759E+14  5.490E+14  5.081E+14  4.491E+14  3.662E+14  2.550E+14
  575.0000  1.259E+14  2.988E+13  6.187E+12  1.869E+12  1.910E+12  6.499E+12  3.170E+13  1.304E+14  2.637E+14  3.772E+14  4.614E+14  5.213E+14  5.626E+14  5.898E+14  6.061E+14  6.137E+14  6.136E+14  6.059E+14  5.894E+14  5.620E+14  5.204E+14  4.603E+14  3.759E+14  2.624E+14
  580.0000  1.279E+14  3.049E+13  6.335E+12  1.934E+12  1.975E+12  6.650E+12  3.235E+13  1.323E+14  2.651E+14  3.771E+14  4.598E+14  5.184E+14  5.588E+14  5.854E+14  6.014E+14  6.088E+14  6.087E+14  6.011E+14  5.850E+14  5.582E+14  5.176E+14  4.586E+14  3.758E+14  2.637E+14
  585.0000  1.321E+14  3.170E+13  6.613E+12  2.042E+12  2.085E+12  6.938E+12  3.364E+13  1.367E+14  2.711E+14  3.835E+14  4.660E+14  5.245E+14  5.647E+14  5.911E+14  6.070E+14  6.143E+14  6.142E+14  6.067E+14  5.907E+14  5.641E+14  5.236E+14  4.649E+14  3.822E+14  2.698E+14
  590.0000  1.303E+14  3.125E+13  6.479E+12  2.010E+12  2.053E+12  6.795E+12  3.319E+13  1.348E+14  2.657E+14  3.745E+14  4.541E+14  5.104E+14  5.492E+14  5.746E+14  5.899E+14  5.969E+14  5.969E+14  5.896E+14  5.742E+14  5.486E+14  5.096E+14  4.531E+14  3.732E+14  2.644E+14
  595.0000  1.337E+14  3.171E+13  6.422E+12  1.981E+12  2.024E+12  6.737E+12  3.371E+13  1.382E+14  2.725E+14  3.840E+14  4.655E+14  5.231E+14  5.628E+14  5.888E+14  6.045E+14  6.117E+14  6.116E+14  6.042E+14  5.884E+14  5.622E+14  5.223E+14  4.644E+14  3.826E+14  2.712E+14
  600.0000  1.305E+14  3.053E+13  6.006E+12  1.837E+12  1.877E+12  6.304E+12  3.249E+13  1.350E+14  2.665E+14  3.758E+14  4.558E+14  5.123E+14  5.512E+14  5.768E+14  5.922E+14  5.993E+14  5.992E+14  5.920E+14  5.764E+14  5.506E+14  5.115E+14  4.547E+14  3.745E+14  2.653E+14
  605.0000  1.346E+14  3.147E+13  6.136E+12  1.885E+12  1.926E+12  6.439E+12  3.351E+13  1.391E+14  2.734E+14  3.842E+14  4.652E+14  5.224E+14  5.617E+14  5.876E+14  6.031E+14  6.103E+14  6.102E+14  6.029E+14  5.872E+14  5.611E+14  5.215E+14  4.641E+14  3.829E+14  2.721E+14
  610.0000  1.383E+14  3.279E+13  6.478E+12  2.027E+12  2.070E+12  6.792E+12  3.491E+13  1.429E+14  2.772E+14  3.867E+14  4.663E+14  5.223E+14  5.608E+14  5.861E+14  6.013E+14  6.083E+14  6.082E+14  6.010E+14  5.857E+14  5.602E+14  5.215E+14  4.652E+14  3.854E+14  2.758E+14
  615.0000  1.408E+14  3.395E+13  6.815E+12  2.178E+12  2.223E+12  7.138E+12  3.614E+13  1.454E+14  2.782E+14  3.852E+14  4.625E+14  5.167E+14  5.539E+14  5.783E+14  5.929E+14  5.997E+14  5.996E+14  5.927E+14  5.779E+14  5.533E+14  5.159E+14  4.614E+14  3.839E+14  2.769E+14
  620.0000  1.483E+14  3.622E+13  7.350E+12  2.391E+12  2.439E+12  7.692E+12  3.855E+13  1.530E+14  2.893E+14  3.979E+14  4.759E+14  5.305E+14  5.679E+14  5.925E+14  6.072E+14  6.140E+14  6.139E+14  6.069E+14  5.921E+14  5.674E+14  5.297E+14  4.748E+14  3.966E+14  2.880E+14
  625.0000  1.499E+14  3.701E+13  7.554E+12  2.494E+12  2.544E+12  7.900E+12  3.939E+13  1.546E+14  2.893E+14  3.957E+14  4.717E+14  5.249E+14  5.612E+14  5.851E+14  5.993E+14  6.059E+14  6.059E+14  5.991E+14  5.847E+14  5.607E+14  5.241E+14  4.707E+14  3.944E+14  2.880E+14
  630.0000  1.552E+14  3.877E+13  7.974E+12  2.675E+12  2.727E+12  8.332E+12  4.126E+13  1.601E+14  2.963E+14  4.028E+14  4.786E+14  5.315E+14  5.676E+14  5.913E+14  6.054E+14  6.120E+14  6.119E+14  6.052E+14  5.909E+14  5.671E+14  5.307E+14  4.776E+14  4.015E+14  2.950E+14
  635.0000  1.595E+14  4.038E+13  8.377E+12  2.859E+12  2.914E+12  8.747E+12  4.297E+13  1.645E+14  3.010E+14  4.068E+14  4.817E+14  5.339E+14  5.694E+14  5.927E+14  6.066E+14  6.131E+14  6.130E+14  6.064E+14  5.923E+14  5.689E+14  5.331E+14  4.807E+14  4.056E+14  2.998E+14
  640.0000  1.633E+14  4.189E+13  8.771E+12  3.046E+12  3.104E+12  9.151E+12  4.457E+13  1.682E+14  3.045E+14  4.090E+14  4.827E+14  5.338E+14  5.686E+14  5.914E+14  6.050E+14  6.113E+14  6.113E+14  6.048E+14  5.911E+14  5.681E+14  5.330E+14  4.816E+14  4.078E+14  3.033E+14
  644.8000  1.675E+14  4.348E+13  9.167E+12  3.234E+12  3.294E+12  9.557E+12  4.626E+13  1.725E+14  3.092E+14  4.130E+14  4.858E+14  5.363E+14  5.707E+14  5.932E+14  6.066E+14  6.128E+14  6.127E+14  6.064E+14  5.928E+14  5.702E+14  5.356E+14  4.848E+14  4.117E+14  3.079E+14
  651.0500  1.715E+14  4.508E+13  9.540E+12  3.424E+12  3.487E+12  9.938E+12  4.797E+13  1.765E+14  3.128E+14  4.152E+14  4.868E+14  5.364E+14  5.700E+14  5.920E+14  6.051E+14  6.112E+14  6.111E+14  6.049E+14  5.916E+14  5.695E+14  5.356E+14  4.859E+14  4.140E+14  3.115E+14
  660.0000  1.713E+14  4.587E+13  9.757E+12  3.590E+12  3.654E+12  1.015E+13  4.880E+13  1.762E+14  3.072E+14  4.043E+14  4.717E+14  5.182E+14  5.497E+14  5.703E+14  5.826E+14  5.883E+14  5.882E+14  5.824E+14  5.700E+14  5.492E+14  5.175E+14  4.708E+14  4.031E+14  3.060E+14
  670.0000  1.859E+14  5.086E+13  1.088E+13  4.113E+12  4.184E+12  1.130E+13  5.411E+13  1.911E+14  3.274E+14  4.268E+14  4.954E+14  5.425E+14  5.744E+14  5.953E+14  6.077E+14  6.134E+14  6.134E+14  6.075E+14  5.949E+14  5.739E+14  5.418E+14  4.944E+14  4.256E+14  3.261E+14
  680.0000  1.920E+14  5.354E+13  1.145E+13  4.435E+12  4.509E+12  1.189E+13  5.695E+13  1.972E+14  3.327E+14  4.301E+14  4.969E+14  5.427E+14  5.737E+14  5.939E+14  6.059E+14  6.115E+14  6.114E+14  6.057E+14  5.936E+14  5.732E+14  5.420E+14  4.960E+14  4.289E+14  3.315E+14
  690.0000  1.981E+14  5.615E+13  1.195E+13  4.726E+12  4.803E+12  1.240E+13  5.973E+13  2.033E+14  3.383E+14  4.342E+14  4.996E+14  5.443E+14  5.746E+14  5.943E+14  6.060E+14  6.115E+14  6.114E+14  6.058E+14  5.940E+14  5.741E+14  5.436E+14  4.987E+14  4.331E+14  3.371E+14
  700.0000  2.036E+14  5.872E+13  1.243E+13  5.021E+12  5.101E+12  1.289E+13  6.246E+13  2.089E+14  3.428E+14  4.369E+14  5.006E+14  5.442E+14  5.736E+14  5.928E+14  6.042E+14  6.095E+14  6.095E+14  6.041E+14  5.925E+14  5.732E+14  5.435E+14  4.998E+14  4.357E+14  3.416E+14
  710.0000  2.065E+14  6.035E+13  1.262E+13  5.179E+12  5.259E+12  1.308E+13  6.420E+13  2.117E+14  3.437E+14  4.355E+14  4.975E+14  5.398E+14  5.684E+14  5.870E+14  5.981E+14  6.032E+14  6.032E+14  5.979E+14  5.867E+14  5.679E+14  5.392E+14  4.967E+14  4.344E+14  3.426E+14
  720.0000  2.069E+14  6.122E+13  1.262E+13  5.251E+12  5.331E+12  1.307E+13  6.513E+13  2.120E+14  3.408E+14  4.295E+14  4.893E+14  5.300E+14  5.575E+14  5.754E+14  5.861E+14  5.910E+14  5.910E+14  5.859E+14  5.751E+14  5.571E+14  5.294E+14  4.885E+14  4.285E+14  3.397E+14
  730.0000  2.096E+14  6.287E+13  1.280E+13  5.405E+12  5.485E+12  1.324E+13  6.688E+13  2.146E+14  3.414E+14  4.280E+14  4.861E+14  5.257E+14  5.524E+14  5.698E+14  5.801E+14  5.849E+14  5.849E+14  5.800E+14  5.695E+14  5.519E+14  5.251E+14  4.853E+14  4.270E+14  3.403E+14
------------------------------------------------------------
Photolysis rate coefficients, s-1
   1 = O3 -> O2 + O(1D)                                  
   2 = H2O2 -> 2 OH                                      
   3 = NO2 -> NO + O(3P)                                 
   4 = NO3 -> NO + O2                                    
   5 = NO3 -> NO2 + O(3P)                                
   6 = CH2O -> H + HCO                                   
   7 = CH2O -> H2 + CO                                   
values at z =      0.500 km
Columns: time, sza, photo-reactions
time, hrs.  sza, deg.          1          2          3          4          5          6          7
    0.0000     83.700  2.905E-07  4.151E-07  9.730E-04  5.415E-03  3.845E-02  1.238E-06  3.178E-06
    1.0000     87.735  9.322E-08  1.481E-07  3.652E-04  1.298E-03  9.867E-03  3.921E-07  1.144E-06
    2.0000     90.571  2.899E-08  4.264E-08  1.082E-04  2.616E-04  2.283E-03  1.055E-07  3.269E-07
    3.0000     92.026  1.293E-08  1.691E-08  4.186E-05  8.251E-05  7.293E-04  4.219E-08  1.292E-07
    4.0000     92.001  1.316E-08  1.719E-08  4.251E-05  8.424E-05  7.439E-04  4.295E-08  1.313E-07
    5.0000     90.497  3.005E-08  4.441E-08  1.128E-04  2.742E-04  2.392E-03  1.100E-07  3.406E-07
    6.0000     87.616  9.699E-08  1.539E-07  3.788E-04  1.380E-03  1.041E-02  4.093E-07  1.189E-06
    7.0000     83.544  3.016E-07  4.284E-07  1.003E-03  5.596E-03  3.979E-02  1.282E-06  3.277E-06
    8.0000     78.517  8.665E-07  9.840E-07  2.207E-03  1.085E-02  8.065E-02  3.218E-06  7.357E-06
    9.0000     72.808  2.247E-06  1.889E-06  3.831E-03  1.514E-02  1.163E-01  6.688E-06  1.385E-05
   10.0000     66.709  4.906E-06  3.027E-06  5.472E-03  1.826E-02  1.430E-01  1.145E-05  2.174E-05
   11.0000     60.547  8.903E-06  4.209E-06  6.891E-03  2.046E-02  1.621E-01  1.672E-05  2.959E-05
   12.0000     54.691  1.372E-05  5.281E-06  8.001E-03  2.197E-02  1.753E-01  2.167E-05  3.639E-05
   13.0000     49.583  1.847E-05  6.139E-06  8.797E-03  2.296E-02  1.840E-01  2.574E-05  4.163E-05
   14.0000     45.734  2.224E-05  6.730E-06  9.304E-03  2.355E-02  1.893E-01  2.858E-05  4.514E-05
   15.0000     43.651  2.431E-05  7.029E-06  9.548E-03  2.383E-02  1.917E-01  3.003E-05  4.688E-05
   16.0000     43.671  2.429E-05  7.026E-06  9.545E-03  2.383E-02  1.917E-01  3.001E-05  4.686E-05
   17.0000     45.791  2.218E-05  6.721E-06  9.296E-03  2.354E-02  1.892E-01  2.854E-05  4.509E-05
   18.0000     49.667  1.839E-05  6.125E-06  8.785E-03  2.294E-02  1.839E-01  2.568E-05  4.155E-05
   19.0000     54.789  1.363E-05  5.263E-06  7.983E-03  2.194E-02  1.751E-01  2.159E-05  3.628E-05
   20.0000     60.648  8.826E-06  4.190E-06  6.869E-03  2.042E-02  1.618E-01  1.663E-05  2.946E-05
   21.0000     66.805  4.854E-06  3.008E-06  5.447E-03  1.822E-02  1.426E-01  1.137E-05  2.161E-05
   22.0000     72.887  2.220E-06  1.875E-06  3.807E-03  1.509E-02  1.158E-01  6.630E-06  1.375E-05
   23.0000     78.573  8.574E-07  9.764E-07  2.191E-03  1.080E-02  8.024E-02  3.190E-06  7.301E-06
------------------------------------------------------------
Spectral actinic flux, quanta cm-2 s-1 nm-1
values at z =      0.500 km
Columns: wavelength (nm), times (hrs.) or sza (deg.)
    wc, nm      0.000      1.000      2.000      3.000      4.000      5.000      6.000      7.000      8.000      9.000     10.000     11.000     12.000     13.000     14.000     15.000     16.000     17.000     18.000     19.000     20.000     21.000     22.000     23.000
    sza =      83.700     87.735     90.571     92.026     92.001     90.497     87.616     83.544     78.517     72.808     66.709     60.547     54.691     49.583     45.734     43.651     43.671     45.791     49.667     54.789     60.648     66.805     72.887     78.573
  120.7000  0.000E+00  0.000E+00  0.000E+00  0.000E+00  0.000E+00  0.000E+00  0.000E+00  0.000E+00  0.000E+00  0.000E+00  0.000E+00  0.000E+00  0.000E+00  0.000E+00  0.000E+00  0.000E+00  0.000E+00  0.000E+00  0.000E+00  0.000E+00  0.000E+00  0.000E+00  0.000E+00  0.000E+00
  121.6500  0.000E+00  0.000E+00  0.000E+00  0.000E+00  0.000E+00  0.000E+00  0.000E+00  0.000E+00  0.000E+00  0.000E+00  0.000E+00  0.000E+00  0.000E+00  0.000E+00  0.000E+00  0.000E+00  0.000E+00  0.000E+00  0.000E+00  0.000E+00  0.000E+00  0.000E+00  0.000E+00  0.000E+00
  122.1000  0.000E+00  0.000E+00  0.000E+00  0.000E+00  0.000E+00  0.000E+00  0.000E+00  0.000E+00  0.000E+00  0.000E+00  0.000E+00  0.000E+00  0.000E+00  0.000E+00  0.000E+00  0.000E+00  0.000E+00  0.000E+00  0.000E+00  0.000E+00  0.000E+00  0.000E+00  0.000E+00  0.000E+00
  122.7000  0.000E+00  0.000E+00  0.000E+00  0.000E+00  0.000E+00  0.000E+00  0.000E+00  0.000E+00  0.000E+00  0.000E+00  0.000E+00  0.000E+00  0.000E+00  0.000E+00  0.000E+00  0.000E+00  0.000E+00  0.000E+00  0.000E+00  0.000E+00  0.000E+00  0.000E+00  0.000E+00  0.000E+00
  123.4500  0.000E+00  0.000E+00  0.000E+00  0.000E+00  0.000E+00  0.000E+00  0.000E+00  0.000E+00  0.000E+00  0.000E+00  0.000E+00  0.000E+00  0.000E+00  0.000E+00  0.000E+00  0.000E+00  0.000E+00  0.000E+00  0.000E+00  0.000E+00  0.000E+00  0.000E+00  0.000E+00  0.000E+00
  124.2000  0.000E+00  0.000E+00  0.000E+00  0.000E+00  0.000E+00  0.000E+00  0.000E+00  0.000E+00  0.000E+00  0.000E+00  0.000E+00  0.000E+00  0.000E+00  0.000E+00  0.000E+00  0.000E+00  0.000E+00  0.000E+00  0.000E+00  0.000E+00  0.000E+00  0.000E+00  0.000E+00  0.000E+00
  125.0000  0.000E+00  0.000E+00  0.000E+00  0.000E+00  0.000E+00  0.000E+00  0.000E+00  0.000E+00  0.000E+00  0.000E+00  0.000E+00  0.000E+00  0.000E+00  0.000E+00  0.000E+00  0.000E+00  0.000E+00  0.000E+00  0.000E+00  0.000E+00  0.000E+00  0.000E+00  0.000E+00  0.000E+00
  125.8000  0.000E+00  0.000E+00  0.000E+00  0.000E+00  0.000E+00  0.000E+00  0.000E+00  0.000E+00  0.000E+00  0.000E+00  0.000E+00  0.000E+00  0.000E+00  0.000E+00  0.000E+00  0.000E+00  0.000E+00  0.000E+00  0.000E+00  0.000E+00  0.000E+00  0.000E+00  0.000E+00  0.000E+00
  126.6000  0.000E+00  0.000E+00  0.000E+00  0.000E+00  0.000E+00  0.000E+00  0.000E+00  0.000E+00  0.000E+00  0.000E+00  0.000E+00  0.000E+00  0.000E+00  0.000E+00  0.000E+00  0.000E+00  0.000E+00  0.000E+00  0.000E+00  0.000E+00  0.000E+00  0.000E+00  0.000E+00  0.000E+00
  127.8000  0.000E+00  0.000E+00  0.000E+00  0.000E+00  0.000E+00  0.000E+00  0.000E+00  0.000E+00  0.000E+00  0.000E+00  0.000E+00  0.000E+00  0.000E+00  0.000E+00  0.000E+00  0.000E+00  0.000E+00  0.000E+00  0.000E+00  0.000E+00  0.000E+00  0.000E+00  0.000E+00  0.000E+00
  129.0000  0.000E+00  0.000E+00  0.000E+00  0.000E+00  0.000E+00  0.000E+00  0.000E+00  0.000E+00  0.000E+00  0.000E+00  0.000E+00  0.000E+00  0.000E+00  0.000E+00  0.000E+00  0.000E+00  0.000E+00  0.000E+00  0.000E+00  0.000E+00  0.000E+00  0.000E+00  0.000E+00  0.000E+00
  129.8500  0.000E+00  0.000E+00  0.000E+00  0.000E+00  0.000E+00  0.000E+00  0.000E+00  0.000E+00  0.000E+00  0.000E+00  0.000E+00  0.000E+00  0.000E+00  0.000E+00  0.000E+00  0.000E+00  0.000E+00  0.000E+00  0.000E+00  0.000E+00  0.000E+00  0.000E+00  0.000E+00  0.000E+00
  131.1500  0.000E+00  0.000E+00  0.000E+00  0.000E+00  0.000E+00  0.000E+00  0.000E+00  0.000E+00  0.000E+00  0.000E+00  0.000E+00  0.000E+00  0.000E+00  0.000E+00  0.000E+00  0.000E+00  0.000E+00  0.000E+00  0.000E+00  0.000E+00  0.000E+00  0.000E+00  0.000E+00  0.000E+00
  133.5000  0.000E+00  0.000E+00  0.000E+00  0.000E+00  0.000E+00  0.000E+00  0.000E+00  0.000E+00  0.000E+00  0.000E+00  0.000E+00  0.000E+00  0.000E+00  0.000E+00  0.000E+00  0.000E+00  0.000E+00  0.000E+00  0.000E+00  0.000E+00  0.000E+00  0.000E+00  0.000E+00  0.000E+00
  136.0000  0.000E+00  0.000E+00  0.000E+00  0.000E+00  0.000E+00  0.000E+00  0.000E+00  0.000E+00  0.000E+00  0.000E+00  0.000E+00  0.000E+00  0.000E+00  0.000E+00  0.000E+00  0.000E+00  0.000E+00  0.000E+00  0.000E+00  0.000E+00  0.000E+00  0.000E+00  0.000E+00  0.000E+00
  141.0000  0.000E+00  0.000E+00  0.000E+00  0.000E+00  0.000E+00  0.000E+00  0.000E+00  0.000E+00  0.000E+00  0.000E+00  0.000E+00  0.000E+00  0.000E+00  0.000E+00  0.000E+00  0.000E+00  0.000E+00  0.000E+00  0.000E+00  0.000E+00  0.000E+00  0.000E+00  0.000E+00  0.000E+00
  150.0000  0.000E+00  0.000E+00  0.000E+00  0.000E+00  0.000E+00  0.000E+00  0.000E+00  0.000E+00  0.000E+00  0.000E+00  0.000E+00  0.000E+00  0.000E+00  0.000E+00  0.000E+00  0.000E+00  0.000E+00  0.000E+00  0.000E+00  0.000E+00  0.000E+00  0.000E+00  0.000E+00  0.000E+00
  160.0000  0.000E+00  0.000E+00  0.000E+00  0.000E+00  0.000E+00  0.000E+00  0.000E+00  0.000E+00  0.000E+00  0.000E+00  0.000E+00  0.000E+00  0.000E+00  0.000E+00  0.000E+00  0.000E+00  0.000E+00  0.000E+00  0.000E+00  0.000E+00  0.000E+00  0.000E+00  0.000E+00  0.000E+00
  167.5000  0.000E+00  0.000E+00  0.000E+00  0.000E+00  0.000E+00  0.000E+00  0.000E+00  0.000E+00  0.000E+00  0.000E+00  0.000E+00  0.000E+00  0.000E+00  0.000E+00  0.000E+00  0.000E+00  0.000E+00  0.000E+00  0.000E+00  0.000E+00  0.000E+00  0.000E+00  0.000E+00  0.000E+00
  172.2000  0.000E+00  0.000E+00  0.000E+00  0.000E+00  0.000E+00  0.000E+00  0.000E+00  0.000E+00  0.000E+00  0.000E+00  0.000E+00  0.000E+00  0.000E+00  0.000E+00  0.000E+00  0.000E+00  0.000E+00  0.000E+00  0.000E+00  0.000E+00  0.000E+00  0.000E+00  0.000E+00  0.000E+00
  175.7000  0.000E+00  0.000E+00  0.000E+00  0.000E+00  0.000E+00  0.000E+00  0.000E+00  0.000E+00  0.000E+00  0.000E+00  0.000E+00  0.000E+00  0.000E+00  0.000E+00  0.000E+00  0.000E+00  0.000E+00  0.000E+00  0.000E+00  0.000E+00  0.000E+00  0.000E+00  0.000E+00  0.000E+00
  177.8000  0.000E+00  0.000E+00  0.000E+00  0.000E+00  0.000E+00  0.000E+00  0.000E+00  0.000E+00  0.000E+00  0.000E+00  0.000E+00  0.000E+00  0.000E+00  0.000E+00  0.000E+00  0.000E+00  0.000E+00  0.000E+00  0.000E+00  0.000E+00  0.000E+00  0.000E+00  0.000E+00  0.000E+00
  179.4000  0.000E+00  0.000E+00  0.000E+00  0.000E+00  0.000E+00  0.000E+00  0.000E+00  0.000E+00  0.000E+00  0.000E+00  0.000E+00  0.000E+00  0.000E+00  0.000E+00  0.000E+00  0.000E+00  0.000E+00  0.000E+00  0.000E+00  0.000E+00  0.000E+00  0.000E+00  0.000E+00  0.000E+00
  181.0000  0.000E+00  0.000E+00  0.000E+00  0.000E+00  0.000E+00  0.000E+00  0.000E+00  0.000E+00  0.000E+00  0.000E+00  0.000E+00  0.000E+00  0.000E+00  0.000E+00  0.000E+00  0.000E+00  0.000E+00  0.000E+00  0.000E+00  0.000E+00  0.000E+00  0.000E+00  0.000E+00  0.000E+00
  182.6500  0.000E+00  0.000E+00  0.000E+00  0.000E+00  0.000E+00  0.000E+00  0.000E+00  0.000E+00  0.000E+00  0.000E+00  0.000E+00  0.000E+00  0.000E+00  0.000E+00  0.000E+00  0.000E+00  0.000E+00  0.000E+00  0.000E+00  0.000E+00  0.000E+00  0.000E+00  0.000E+00  0.000E+00
  184.3500  0.000E+00  0.000E+00  0.000E+00  0.000E+00  0.000E+00  0.000E+00  0.000E+00  0.000E+00  0.000E+00  0.000E+00  0.000E+00  0.000E+00  0.000E+00  0.000E+00  0.000E+00  0.000E+00  0.000E+00  0.000E+00  0.000E+00  0.000E+00  0.000E+00  0.000E+00  0.000E+00  0.000E+00
  186.0500  0.000E+00  0.000E+00  0.000E+00  0.000E+00  0.000E+00  0.000E+00  0.000E+00  0.000E+00  0.000E+00  0.000E+00  0.000E+00  0.000E+00  0.000E+00  0.000E+00  0.000E+00  0.000E+00  0.000E+00  0.000E+00  0.000E+00  0.000E+00  0.000E+00  0.000E+00  0.000E+00  0.000E+00
  187.8000  0.000E+00  0.000E+00  0.000E+00  0.000E+00  0.000E+00  0.000E+00  0.000E+00  0.000E+00  0.000E+00  0.000E+00  0.000E+00  0.000E+00  0.000E+00  0.000E+00  0.000E+00  0.000E+00  0.000E+00  0.000E+00  0.000E+00  0.000E+00  0.000E+00  0.000E+00  0.000E+00  0.000E+00
  189.6000  0.000E+00  0.000E+00  0.000E+00  0.000E+00  0.000E+00  0.000E+00  0.000E+00  0.000E+00  0.000E+00  0.000E+00  0.000E+00  0.000E+00  0.000E+00  0.000E+00  0.000E+00  0.000E+00  0.000E+00  0.000E+00  0.000E+00  0.000E+00  0.000E+00  0.000E+00  0.000E+00  0.000E+00
  191.4000  0.000E+00  0.000E+00  0.000E+00  0.000E+00  0.000E+00  0.000E+00  0.000E+00  0.000E+00  0.000E+00  0.000E+00  0.000E+00  0.000E+00  0.000E+00  0.000E+00  0.000E+00  0.000E+00  0.000E+00  0.000E+00  0.000E+00  0.000E+00  0.000E+00  0.000E+00  0.000E+00  0.000E+00
  193.2500  0.000E+00  0.000E+00  0.000E+00  0.000E+00  0.000E+00  0.000E+00  0.000E+00  0.000E+00  0.000E+00  0.000E+00  0.000E+00  0.000E+00  0.000E+00  0.000E+00  0.000E+00  0.000E+00  0.000E+00  0.000E+00  0.000E+00  0.000E+00  0.000E+00  0.000E+00  0.000E+00  0.000E+00
  195.1500  0.000E+00  0.000E+00  0.000E+00  0.000E+00  0.000E+00  0.000E+00  0.000E+00  0.000E+00  0.000E+00  0.000E+00  0.000E+00  0.000E+00  0.000E+00  0.000E+00  0.000E+00  0.000E+00  0.000E+00  0.000E+00  0.000E+00  0.000E+00  0.000E+00  0.000E+00  0.000E+00  0.000E+00
  197.0500  0.000E+00  0.000E+00  0.000E+00  0.000E+00  0.000E+00  0.000E+00  0.000E+00  0.000E+00  0.000E+00  0.000E+00  0.000E+00  0.000E+00  0.000E+00  0.000E+00  0.000E+00  0.000E+00  0.000E+00  0.000E+00  0.000E+00  0.000E+00  0.000E+00  0.000E+00  0.000E+00  0.000E+00
  199.0000  0.000E+00  0.000E+00  0.000E+00  0.000E+00  0.000E+00  0.000E+00  0.000E+00  0.000E+00  0.000E+00  0.000E+00  0.000E+00  0.000E+00  0.000E+00  0.000E+00  0.000E+00  0.000E+00  0.000E+00  0.000E+00  0.000E+00  0.000E+00  0.000E+00  0.000E+00  0.000E+00  0.000E+00
  201.0000  0.000E+00  0.000E+00  0.000E+00  0.000E+00  0.000E+00  0.000E+00  0.000E+00  0.000E+00  0.000E+00  0.000E+00  0.000E+00  0.000E+00  0.000E+00  0.000E+00  0.000E+00  0.000E+00  0.000E+00  0.000E+00  0.000E+00  0.000E+00  0.000E+00  0.000E+00  0.000E+00  0.000E+00
  203.0500  0.000E+00  0.000E+00  0.000E+00  0.000E+00  0.000E+00  0.000E+00  0.000E+00  0.000E+00  0.000E+00  0.000E+00  0.000E+00  0.000E+00  0.000E+00  0.000E+00  0.000E+00  0.000E+00  0.000E+00  0.000E+00  0.000E+00  0.000E+00  0.000E+00  0.000E+00  0.000E+00  0.000E+00
  204.9500  0.000E+00  0.000E+00  0.000E+00  0.000E+00  0.000E+00  0.000E+00  0.000E+00  0.000E+00  0.000E+00  0.000E+00  0.000E+00  0.000E+00  0.000E+00  0.000E+00  0.000E+00  0.000E+00  0.000E+00  0.000E+00  0.000E+00  0.000E+00  0.000E+00  0.000E+00  0.000E+00  0.000E+00
  207.0665  0.000E+00  0.000E+00  0.000E+00  0.000E+00  0.000E+00  0.000E+00  0.000E+00  0.000E+00  0.000E+00  0.000E+00  0.000E+00  0.000E+00  0.000E+00  0.000E+00  0.000E+00  0.000E+00  0.000E+00  0.000E+00  0.000E+00  0.000E+00  0.000E+00  0.000E+00  0.000E+00  0.000E+00
  209.4295  0.000E+00  0.000E+00  0.000E+00  0.000E+00  0.000E+00  0.000E+00  0.000E+00  0.000E+00  0.000E+00  0.000E+00  0.000E+00  0.000E+00  0.000E+00  0.000E+00  0.000E+00  0.000E+00  0.000E+00  0.000E+00  0.000E+00  0.000E+00  0.000E+00  0.000E+00  0.000E+00  0.000E+00
  211.6460  0.000E+00  0.000E+00  0.000E+00  0.000E+00  0.000E+00  0.000E+00  0.000E+00  0.000E+00  0.000E+00  0.000E+00  0.000E+00  0.000E+00  0.000E+00  0.000E+00  0.000E+00  0.000E+00  0.000E+00  0.000E+00  0.000E+00  0.000E+00  0.000E+00  0.000E+00  0.000E+00  0.000E+00
  213.9100  0.000E+00  0.000E+00  0.000E+00  0.000E+00  0.000E+00  0.000E+00  0.000E+00  0.000E+00  0.000E+00  0.000E+00  0.000E+00  0.000E+00  0.000E+00  0.000E+00  0.000E+00  0.000E+00  0.000E+00  0.000E+00  0.000E+00  0.000E+00  0.000E+00  0.000E+00  0.000E+00  0.000E+00
  216.2225  0.000E+00  0.000E+00  0.000E+00  0.000E+00  0.000E+00  0.000E+00  0.000E+00  0.000E+00  0.000E+00  0.000E+00  0.000E+00  0.000E+00  0.000E+00  0.000E+00  0.000E+00  0.000E+00  0.000E+00  0.000E+00  0.000E+00  0.000E+00  0.000E+00  0.000E+00  0.000E+00  0.000E+00
  218.5855  0.000E+00  0.000E+00  0.000E+00  0.000E+00  0.000E+00  0.000E+00  0.000E+00  0.000E+00  0.000E+00  0.000E+00  0.000E+00  0.000E+00  0.000E+00  0.000E+00  0.000E+00  0.000E+00  0.000E+00  0.000E+00  0.000E+00  0.000E+00  0.000E+00  0.000E+00  0.000E+00  0.000E+00
  221.0010  0.000E+00  0.000E+00  0.000E+00  0.000E+00  0.000E+00  0.000E+00  0.000E+00  0.000E+00  0.000E+00  0.000E+00  0.000E+00  0.000E+00  0.000E+00  0.000E+00  0.000E+00  0.000E+00  0.000E+00  0.000E+00  0.000E+00  0.000E+00  0.000E+00  0.000E+00  0.000E+00  0.000E+00
  223.4705  0.000E+00  0.000E+00  0.000E+00  0.000E+00  0.000E+00  0.000E+00  0.000E+00  0.000E+00  0.000E+00  0.000E+00  0.000E+00  0.000E+00  0.000E+00  0.000E+00  0.000E+00  0.000E+00  0.000E+00  0.000E+00  0.000E+00  0.000E+00  0.000E+00  0.000E+00  0.000E+00  0.000E+00
  225.9960  0.000E+00  0.000E+00  0.000E+00  0.000E+00  0.000E+00  0.000E+00  0.000E+00  0.000E+00  0.000E+00  0.000E+00  0.000E+00  0.000E+00  0.000E+00  0.000E+00  0.000E+00  0.000E+00  0.000E+00  0.000E+00  0.000E+00  0.000E+00  0.000E+00  0.000E+00  0.000E+00  0.000E+00
  228.5790  0.000E+00  0.000E+00  0.000E+00  0.000E+00  0.000E+00  0.000E+00  0.000E+00  0.000E+00  0.000E+00  0.000E+00  0.000E+00  0.000E+00  0.000E+00  0.000E+00  0.000E+00  0.000E+00  0.000E+00  0.000E+00  0.000E+00  0.000E+00  0.000E+00  0.000E+00  0.000E+00  0.000E+00
  231.2215  0.000E+00  0.000E+00  0.000E+00  0.000E+00  0.000E+00  0.000E+00  0.000E+00  0.000E+00  0.000E+00  0.000E+00  0.000E+00  0.000E+00  0.000E+00  0.000E+00  0.000E+00  0.000E+00  0.000E+00  0.000E+00  0.000E+00  0.000E+00  0.000E+00  0.000E+00  0.000E+00  0.000E+00
  233.9260  0.000E+00  0.000E+00  0.000E+00  0.000E+00  0.000E+00  0.000E+00  0.000E+00  0.000E+00  0.000E+00  0.000E+00  0.000E+00  0.000E+00  0.000E+00  0.000E+00  0.000E+00  0.000E+00  0.000E+00  0.000E+00  0.000E+00  0.000E+00  0.000E+00  0.000E+00  0.000E+00  0.000E+00
  236.6945  0.000E+00  0.000E+00  0.000E+00  0.000E+00  0.000E+00  0.000E+00  0.000E+00  0.000E+00  0.000E+00  0.000E+00  0.000E+00  0.000E+00  0.000E+00  0.000E+00  0.000E+00  0.000E+00  0.000E+00  0.000E+00  0.000E+00  0.000E+00  0.000E+00  0.000E+00  0.000E+00  0.000E+00
  239.5295  0.000E+00  0.000E+00  0.000E+00  0.000E+00  0.000E+00  0.000E+00  0.000E+00  0.000E+00  0.000E+00  0.000E+00  0.000E+00  0.000E+00  0.000E+00  0.000E+00  0.000E+00  0.000E+00  0.000E+00  0.000E+00  0.000E+00  0.000E+00  0.000E+00  0.000E+00  0.000E+00  0.000E+00
  242.4330  0.000E+00  0.000E+00  0.000E+00  0.000E+00  0.000E+00  0.000E+00  0.000E+00  0.000E+00  0.000E+00  0.000E+00  0.000E+00  0.000E+00  0.000E+00  0.000E+00  0.000E+00  0.000E+00  0.000E+00  0.000E+00  0.000E+00  0.000E+00  0.000E+00  0.000E+00  0.000E+00  0.000E+00
  245.4080  0.000E+00  0.000E+00  0.000E+00  0.000E+00  0.000E+00  0.000E+00  0.000E+00  0.000E+00  0.000E+00  0.000E+00  0.000E+00  0.000E+00  0.000E+00  0.000E+00  0.000E+00  0.000E+00  0.000E+00  0.000E+00  0.000E+00  0.000E+00  0.000E+00  0.000E+00  0.000E+00  0.000E+00
  248.4570  0.000E+00  0.000E+00  0.000E+00  0.000E+00  0.000E+00  0.000E+00  0.000E+00  0.000E+00  0.000E+00  0.000E+00  0.000E+00  0.000E+00  0.000E+00  0.000E+00  0.000E+00  0.000E+00  0.000E+00  0.000E+00  0.000E+00  0.000E+00  0.000E+00  0.000E+00  0.000E+00  0.000E+00
  251.5825  0.000E+00  0.000E+00  0.000E+00  0.000E+00  0.000E+00  0.000E+00  0.000E+00  0.000E+00  0.000E+00  0.000E+00  0.000E+00  0.000E+00  0.000E+00  0.000E+00  0.000E+00  0.000E+00  0.000E+00  0.000E+00  0.000E+00  0.000E+00  0.000E+00  0.000E+00  0.000E+00  0.000E+00
  254.7875  0.000E+00  0.000E+00  0.000E+00  0.000E+00  0.000E+00  0.000E+00  0.000E+00  0.000E+00  0.000E+00  0.000E+00  0.000E+00  0.000E+00  0.000E+00  0.000E+00  0.000E+00  0.000E+00  0.000E+00  0.000E+00  0.000E+00  0.000E+00  0.000E+00  0.000E+00  0.000E+00  0.000E+00
  258.0750  0.000E+00  0.000E+00  0.000E+00  0.000E+00  0.000E+00  0.000E+00  0.000E+00  0.000E+00  0.000E+00  0.000E+00  0.000E+00  0.000E+00  0.000E+00  0.000E+00  0.000E+00  0.000E+00  0.000E+00  0.000E+00  0.000E+00  0.000E+00  0.000E+00  0.000E+00  0.000E+00  0.000E+00
  261.4490  0.000E+00  0.000E+00  0.000E+00  0.000E+00  0.000E+00  0.000E+00  0.000E+00  0.000E+00  0.000E+00  0.000E+00  0.000E+00  0.000E+00  0.000E+00  0.000E+00  0.000E+00  0.000E+00  0.000E+00  0.000E+00  0.000E+00  0.000E+00  0.000E+00  0.000E+00  0.000E+00  0.000E+00
  264.9125  0.000E+00  0.000E+00  0.000E+00  0.000E+00  0.000E+00  0.000E+00  0.000E+00  0.000E+00  0.000E+00  0.000E+00  0.000E+00  0.000E+00  0.000E+00  0.000E+00  0.000E+00  0.000E+00  0.000E+00  0.000E+00  0.000E+00  0.000E+00  0.000E+00  0.000E+00  0.000E+00  0.000E+00
  268.4685  0.000E+00  0.000E+00  0.000E+00  0.000E+00  0.000E+00  0.000E+00  0.000E+00  0.000E+00  0.000E+00  0.000E+00  0.000E+00  0.000E+00  0.000E+00  0.000E+00  0.000E+00  0.000E+00  0.000E+00  0.000E+00  0.000E+00  0.000E+00  0.000E+00  0.000E+00  0.000E+00  0.000E+00
  272.1215  0.000E+00  0.000E+00  0.000E+00  0.000E+00  0.000E+00  0.000E+00  0.000E+00  0.000E+00  0.000E+00  0.000E+00  0.000E+00  0.000E+00  0.000E+00  0.000E+00  0.000E+00  0.000E+00  0.000E+00  0.000E+00  0.000E+00  0.000E+00  0.000E+00  0.000E+00  0.000E+00  0.000E+00
  275.8755  0.000E+00  0.000E+00  0.000E+00  0.000E+00  0.000E+00  0.000E+00  0.000E+00  0.000E+00  0.000E+00  0.000E+00  0.000E+00  0.000E+00  0.000E+00  0.000E+00  0.000E+00  0.000E+00  0.000E+00  0.000E+00  0.000E+00  0.000E+00  0.000E+00  0.000E+00  0.000E+00  0.000E+00
  279.7340  0.000E+00  0.000E+00  0.000E+00  0.000E+00  0.000E+00  0.000E+00  0.000E+00  0.000E+00  0.000E+00  0.000E+00  0.000E+00  0.000E+00  0.000E+00  0.000E+00  0.000E+00  0.000E+00  0.000E+00  0.000E+00  0.000E+00  0.000E+00  0.000E+00  0.000E+00  0.000E+00  0.000E+00
  283.7020  0.000E+00  0.000E+00  0.000E+00  0.000E+00  0.000E+00  0.000E+00  0.000E+00  0.000E+00  0.000E+00  0.000E+00  0.000E+00  0.000E+00  0.000E+00  0.000E+00  0.000E+00  0.000E+00  0.000E+00  0.000E+00  0.000E+00  0.000E+00  0.000E+00  0.000E+00  0.000E+00  0.000E+00
  287.7845  0.000E+00  0.000E+00  0.000E+00  0.000E+00  0.000E+00  0.000E+00  0.000E+00  0.000E+00  0.000E+00  0.000E+00  0.000E+00  0.000E+00  0.000E+00  0.000E+00  0.000E+00  0.000E+00  0.000E+00  0.000E+00  0.000E+00  0.000E+00  0.000E+00  0.000E+00  0.000E+00  0.000E+00
  291.9865  6.563E+05  3.838E+05  1.859E+05  9.602E+04  9.802E+04  1.907E+05  3.917E+05  6.672E+05  1.052E+06  1.656E+06  2.740E+06  5.795E+06  2.249E+07  8.928E+07  2.254E+08  3.519E+08  3.504E+08  2.225E+08  8.736E+07  2.189E+07  5.695E+06  2.716E+06  1.646E+06  1.047E+06
  296.3090  1.059E+08  5.925E+07  2.827E+07  1.478E+07  1.507E+07  2.901E+07  6.054E+07  1.079E+08  1.818E+08  3.154E+08  6.987E+08  2.673E+09  1.012E+10  2.628E+10  4.729E+10  6.236E+10  6.220E+10  4.691E+10  2.592E+10  9.914E+09  2.608E+09  6.871E+08  3.131E+08  1.808E+08
  300.5000  2.275E+09  1.180E+09  5.421E+08  2.833E+08  2.887E+08  5.564E+08  1.209E+09  2.324E+09  4.374E+09  1.026E+10  3.906E+10  1.419E+11  3.630E+11  6.757E+11  9.827E+11  1.171E+12  1.169E+12  9.777E+11  6.696E+11  3.581E+11  1.393E+11  3.821E+10  1.011E+10  4.343E+09
  303.0000  1.279E+10  6.186E+09  2.727E+09  1.413E+09  1.439E+09  2.802E+09  6.346E+09  1.310E+10  2.848E+10  9.375E+10  3.670E+11  1.064E+12  2.213E+12  3.568E+12  4.753E+12  5.435E+12  5.428E+12  4.735E+12  3.543E+12  2.189E+12  1.048E+12  3.600E+11  9.219E+10  2.821E+10
  304.0000  1.717E+10  8.103E+09  3.519E+09  1.816E+09  1.850E+09  3.617E+09  8.320E+09  1.761E+10  4.091E+10  1.463E+11  5.502E+11  1.492E+12  2.946E+12  4.587E+12  5.982E+12  6.772E+12  6.764E+12  5.960E+12  4.557E+12  2.917E+12  1.471E+12  5.403E+11  1.435E+11  4.047E+10
  305.0000  3.128E+10  1.414E+10  5.991E+09  3.071E+09  3.127E+09  6.161E+09  1.453E+10  3.215E+10  8.388E+10  3.232E+11  1.127E+12  2.792E+12  5.154E+12  7.676E+12  9.745E+12  1.089E+13  1.088E+13  9.713E+12  7.631E+12  5.109E+12  2.757E+12  1.109E+12  3.173E+11  8.286E+10
  306.0000  3.629E+10  1.582E+10  6.571E+09  3.348E+09  3.409E+09  6.760E+09  1.627E+10  3.737E+10  1.069E+11  4.214E+11  1.382E+12  3.220E+12  5.691E+12  8.234E+12  1.027E+13  1.139E+13  1.138E+13  1.024E+13  8.190E+12  5.645E+12  3.183E+12  1.360E+12  4.138E+11  1.055E+11
  307.0000  6.012E+10  2.486E+10  1.006E+10  5.082E+09  5.174E+09  1.035E+10  2.560E+10  6.211E+10  1.979E+11  7.760E+11  2.359E+12  5.144E+12  8.675E+12  1.217E+13  1.491E+13  1.639E+13  1.638E+13  1.487E+13  1.211E+13  8.610E+12  5.088E+12  2.325E+12  7.642E+11  1.952E+11
  308.0000  9.295E+10  3.597E+10  1.411E+10  7.055E+09  7.183E+09  1.453E+10  3.711E+10  9.637E+10  3.373E+11  1.278E+12  3.588E+12  7.348E+12  1.187E+13  1.619E+13  1.951E+13  2.127E+13  2.126E+13  1.946E+13  1.612E+13  1.179E+13  7.275E+12  3.541E+12  1.257E+12  3.324E+11
  309.0000  1.150E+11  4.248E+10  1.631E+10  8.101E+09  8.248E+09  1.681E+10  4.386E+10  1.195E+11  4.381E+11  1.610E+12  4.321E+12  8.538E+12  1.346E+13  1.807E+13  2.156E+13  2.341E+13  2.339E+13  2.151E+13  1.799E+13  1.337E+13  8.458E+12  4.266E+12  1.585E+12  4.319E+11
  310.0000  1.669E+11  5.526E+10  2.018E+10  9.846E+09  1.002E+10  2.082E+10  5.719E+10  1.743E+11  6.717E+11  2.270E+12  5.560E+12  1.028E+13  1.550E+13  2.021E+13  2.370E+13  2.552E+13  2.551E+13  2.365E+13  2.013E+13  1.540E+13  1.019E+13  5.496E+12  2.234E+12  6.624E+11
  311.0000  3.373E+11  1.061E+11  3.782E+10  1.828E+10  1.861E+10  3.904E+10  1.100E+11  3.528E+11  1.369E+12  4.444E+12  1.048E+13  1.885E+13  2.789E+13  3.594E+13  4.183E+13  4.490E+13  4.487E+13  4.174E+13  3.581E+13  2.773E+13  1.870E+13  1.037E+13  4.391E+12  1.351E+12
  312.0000  4.029E+11  1.174E+11  4.002E+10  1.903E+10  1.938E+10  4.136E+10  1.219E+11  4.221E+11  1.618E+12  4.929E+12  1.097E+13  1.896E+13  2.732E+13  3.461E+13  3.987E+13  4.259E+13  4.256E+13  3.979E+13  3.449E+13  2.717E+13  1.882E+13  1.086E+13  4.854E+12  1.597E+12
  313.0000  6.198E+11  1.685E+11  5.449E+10  2.538E+10  2.584E+10  5.638E+10  1.754E+11  6.497E+11  2.399E+12  6.789E+12  1.431E+13  2.380E+13  3.342E+13  4.163E+13  4.749E+13  5.050E+13  5.047E+13  4.740E+13  4.150E+13  3.325E+13  2.363E+13  1.418E+13  6.710E+12  2.369E+12
  314.0000  7.713E+11  2.045E+11  6.463E+10  2.984E+10  3.038E+10  6.691E+10  2.132E+11  8.087E+11  2.933E+12  8.100E+12  1.666E+13  2.729E+13  3.792E+13  4.691E+13  5.329E+13  5.655E+13  5.652E+13  5.320E+13  4.677E+13  3.773E+13  2.710E+13  1.651E+13  8.002E+12  2.897E+12
  316.0000  1.348E+12  3.411E+11  9.718E+10  4.290E+10  4.369E+10  1.009E+11  3.571E+11  1.410E+12  4.581E+12  1.128E+13  2.136E+13  3.306E+13  4.426E+13  5.346E+13  5.986E+13  6.310E+13  6.307E+13  5.976E+13  5.331E+13  4.407E+13  3.286E+13  2.119E+13  1.115E+13  4.531E+12
  320.0000  3.253E+12  8.771E+11  2.242E+11  9.233E+10  9.405E+10  2.335E+11  9.198E+11  3.385E+12  9.365E+12  2.025E+13  3.512E+13  5.111E+13  6.567E+13  7.723E+13  8.509E+13  8.903E+13  8.899E+13  8.498E+13  7.704E+13  6.543E+13  5.085E+13  3.487E+13  2.009E+13  9.278E+12
  325.0000  7.065E+12  2.237E+12  5.738E+11  2.234E+11  2.274E+11  5.990E+11  2.337E+12  7.309E+12  1.743E+13  3.405E+13  5.493E+13  7.610E+13  9.457E+13  1.088E+14  1.183E+14  1.230E+14  1.230E+14  1.182E+14  1.086E+14  9.427E+13  7.575E+13  5.459E+13  3.380E+13  1.729E+13
  330.0000  1.133E+13  3.967E+12  1.081E+12  4.193E+11  4.266E+11  1.128E+12  4.132E+12  1.169E+13  2.608E+13  4.873E+13  7.593E+13  1.026E+14  1.253E+14  1.425E+14  1.539E+14  1.595E+14  1.594E+14  1.537E+14  1.422E+14  1.249E+14  1.022E+14  7.550E+13  4.835E+13  2.589E+13
  335.0000  1.275E+13  4.785E+12  1.387E+12  5.455E+11  5.545E+11  1.445E+12  4.970E+12  1.313E+13  2.820E+13  5.126E+13  7.806E+13  1.036E+14  1.250E+14  1.410E+14  1.514E+14  1.566E+14  1.565E+14  1.513E+14  1.407E+14  1.247E+14  1.032E+14  7.764E+13  5.090E+13  2.800E+13
  340.0000  1.511E+13  5.830E+12  1.739E+12  6.901E+11  7.011E+11  1.811E+12  6.047E+12  1.555E+13  3.303E+13  5.935E+13  8.921E+13  1.172E+14  1.402E+14  1.572E+14  1.683E+14  1.737E+14  1.736E+14  1.681E+14  1.569E+14  1.398E+14  1.167E+14  8.875E+13  5.896E+13  3.280E+13
  345.0000  1.579E+13  6.161E+12  1.863E+12  7.422E+11  7.538E+11  1.939E+12  6.388E+12  1.624E+13  3.446E+13  6.150E+13  9.156E+13  1.192E+14  1.417E+14  1.582E+14  1.689E+14  1.740E+14  1.740E+14  1.687E+14  1.579E+14  1.413E+14  1.188E+14  9.110E+13  6.110E+13  3.421E+13
  350.0000  1.704E+13  6.618E+12  1.992E+12  7.897E+11  8.020E+11  2.074E+12  6.862E+12  1.754E+13  3.750E+13  6.681E+13  9.879E+13  1.278E+14  1.511E+14  1.681E+14  1.791E+14  1.844E+14  1.843E+14  1.789E+14  1.679E+14  1.507E+14  1.273E+14  9.830E+13  6.637E+13  3.723E+13
  355.0000  1.877E+13  7.288E+12  2.197E+12  8.694E+11  8.828E+11  2.288E+12  7.556E+12  1.931E+13  4.148E+13  7.357E+13  1.079E+14  1.386E+14  1.631E+14  1.808E+14  1.921E+14  1.976E+14  1.975E+14  1.919E+14  1.805E+14  1.627E+14  1.381E+14  1.074E+14  7.310E+13  4.119E+13
  360.0000  1.779E+13  6.887E+12  2.073E+12  8.173E+11  8.299E+11  2.159E+12  7.141E+12  1.832E+13  3.956E+13  6.987E+13  1.017E+14  1.298E+14  1.519E+14  1.679E+14  1.780E+14  1.829E+14  1.829E+14  1.779E+14  1.676E+14  1.516E+14  1.293E+14  1.012E+14  6.942E+13  3.929E+13
  365.0000  2.344E+13  9.034E+12  2.713E+12  1.065E+12  1.081E+12  2.825E+12  9.366E+12  2.414E+13  5.243E+13  9.214E+13  1.331E+14  1.688E+14  1.967E+14  2.166E+14  2.293E+14  2.354E+14  2.353E+14  2.291E+14  2.163E+14  1.963E+14  1.683E+14  1.325E+14  9.157E+13  5.206E+13
  370.0000  2.523E+13  9.672E+12  2.895E+12  1.131E+12  1.148E+12  3.016E+12  1.003E+13  2.599E+13  5.676E+13  9.923E+13  1.423E+14  1.793E+14  2.081E+14  2.285E+14  2.414E+14  2.475E+14  2.475E+14  2.412E+14  2.282E+14  2.076E+14  1.788E+14  1.417E+14  9.862E+13  5.636E+13
  375.0000  2.359E+13  8.989E+12  2.682E+12  1.042E+12  1.058E+12  2.794E+12  9.321E+12  2.431E+13  5.336E+13  9.275E+13  1.321E+14  1.654E+14  1.911E+14  2.093E+14  2.207E+14  2.261E+14  2.261E+14  2.205E+14  2.090E+14  1.907E+14  1.649E+14  1.315E+14  9.219E+13  5.298E+13
  380.0000  2.808E+13  1.063E+13  3.162E+12  1.223E+12  1.242E+12  3.295E+12  1.102E+13  2.895E+13  6.380E+13  1.102E+14  1.558E+14  1.940E+14  2.232E+14  2.438E+14  2.567E+14  2.628E+14  2.628E+14  2.565E+14  2.435E+14  2.228E+14  1.935E+14  1.551E+14  1.096E+14  6.335E+13
  385.0000  2.193E+13  8.241E+12  2.444E+12  9.404E+11  9.548E+11  2.547E+12  8.546E+12  2.261E+13  5.000E+13  8.582E+13  1.204E+14  1.492E+14  1.709E+14  1.862E+14  1.957E+14  2.003E+14  2.002E+14  1.956E+14  1.860E+14  1.706E+14  1.487E+14  1.199E+14  8.533E+13  4.965E+13
  390.0000  2.965E+13  1.106E+13  3.271E+12  1.251E+12  1.270E+12  3.410E+12  1.147E+13  3.059E+13  6.783E+13  1.156E+14  1.611E+14  1.985E+14  2.266E+14  2.462E+14  2.585E+14  2.643E+14  2.642E+14  2.583E+14  2.459E+14  2.262E+14  1.979E+14  1.604E+14  1.150E+14  6.736E+13
  395.0000  2.383E+13  8.819E+12  2.601E+12  9.887E+11  1.004E+12  2.712E+12  9.148E+12  2.459E+13  5.462E+13  9.248E+13  1.279E+14  1.568E+14  1.784E+14  1.934E+14  2.027E+14  2.071E+14  2.071E+14  2.026E+14  1.931E+14  1.781E+14  1.564E+14  1.274E+14  9.195E+13  5.425E+13
  400.0000  4.583E+13  1.682E+13  4.950E+12  1.872E+12  1.901E+12  5.162E+12  1.745E+13  4.732E+13  1.052E+14  1.768E+14  2.429E+14  2.963E+14  3.359E+14  3.633E+14  3.803E+14  3.884E+14  3.883E+14  3.801E+14  3.629E+14  3.353E+14  2.954E+14  2.420E+14  1.758E+14  1.045E+14
  405.0000  4.841E+13  1.762E+13  5.173E+12  1.946E+12  1.976E+12  5.395E+12  1.828E+13  4.999E+13  1.112E+14  1.855E+14  2.531E+14  3.072E+14  3.473E+14  3.748E+14  3.918E+14  3.999E+14  3.998E+14  3.916E+14  3.744E+14  3.466E+14  3.064E+14  2.522E+14  1.845E+14  1.105E+14
  410.0000  5.170E+13  1.864E+13  5.462E+12  2.043E+12  2.075E+12  5.698E+12  1.934E+13  5.341E+13  1.188E+14  1.966E+14  2.666E+14  3.221E+14  3.629E+14  3.909E+14  4.082E+14  4.163E+14  4.162E+14  4.079E+14  3.905E+14  3.623E+14  3.213E+14  2.656E+14  1.956E+14  1.180E+14
  415.0000  5.581E+13  1.994E+13  5.832E+12  2.170E+12  2.204E+12  6.085E+12  2.069E+13  5.766E+13  1.281E+14  2.104E+14  2.835E+14  3.410E+14  3.831E+14  4.119E+14  4.296E+14  4.379E+14  4.378E+14  4.293E+14  4.114E+14  3.825E+14  3.402E+14  2.825E+14  2.093E+14  1.272E+14
  420.0000  5.833E+13  2.064E+13  6.026E+12  2.230E+12  2.265E+12  6.288E+12  2.142E+13  6.028E+13  1.337E+14  2.180E+14  2.919E+14  3.496E+14  3.916E+14  4.202E+14  4.378E+14  4.461E+14  4.460E+14  4.376E+14  4.198E+14  3.910E+14  3.487E+14  2.908E+14  2.168E+14  1.328E+14
  425.0000  5.760E+13  2.017E+13  5.875E+12  2.162E+12  2.197E+12  6.132E+12  2.093E+13  5.955E+13  1.318E+14  2.133E+14  2.839E+14  3.387E+14  3.784E+14  4.054E+14  4.219E+14  4.297E+14  4.296E+14  4.217E+14  4.050E+14  3.778E+14  3.379E+14  2.829E+14  2.122E+14  1.309E+14
  430.0000  5.502E+13  1.908E+13  5.551E+12  2.033E+12  2.065E+12  5.795E+12  1.980E+13  5.689E+13  1.255E+14  2.016E+14  2.669E+14  3.171E+14  3.534E+14  3.779E+14  3.929E+14  4.000E+14  3.999E+14  3.927E+14  3.775E+14  3.528E+14  3.163E+14  2.659E+14  2.007E+14  1.247E+14
  435.0000  6.607E+13  2.267E+13  6.587E+12  2.400E+12  2.439E+12  6.876E+12  2.354E+13  6.833E+13  1.503E+14  2.396E+14  3.154E+14  3.733E+14  4.150E+14  4.432E+14  4.603E+14  4.684E+14  4.683E+14  4.601E+14  4.427E+14  4.144E+14  3.725E+14  3.143E+14  2.384E+14  1.493E+14
  440.0000  7.019E+13  2.380E+13  6.895E+12  2.498E+12  2.538E+12  7.199E+12  2.472E+13  7.259E+13  1.591E+14  2.520E+14  3.300E+14  3.893E+14  4.317E+14  4.604E+14  4.778E+14  4.859E+14  4.859E+14  4.775E+14  4.599E+14  4.311E+14  3.884E+14  3.289E+14  2.508E+14  1.582E+14
  445.0000  7.789E+13  2.613E+13  7.552E+12  2.722E+12  2.766E+12  7.886E+12  2.714E+13  8.057E+13  1.759E+14  2.766E+14  3.604E+14  4.237E+14  4.689E+14  4.993E+14  5.177E+14  5.264E+14  5.263E+14  5.174E+14  4.988E+14  4.682E+14  4.227E+14  3.592E+14  2.753E+14  1.749E+14
  450.0000  8.562E+13  2.842E+13  8.204E+12  2.944E+12  2.992E+12  8.567E+12  2.953E+13  8.858E+13  1.925E+14  3.006E+14  3.896E+14  4.566E+14  5.042E+14  5.361E+14  5.555E+14  5.645E+14  5.645E+14  5.552E+14  5.356E+14  5.034E+14  4.556E+14  3.884E+14  2.992E+14  1.914E+14
  455.0000  8.651E+13  2.840E+13  8.181E+12  2.922E+12  2.971E+12  8.544E+12  2.952E+13  8.950E+13  1.936E+14  3.003E+14  3.873E+14  4.525E+14  4.987E+14  5.296E+14  5.483E+14  5.571E+14  5.570E+14  5.480E+14  5.291E+14  4.980E+14  4.515E+14  3.861E+14  2.989E+14  1.925E+14
  460.0000  9.131E+13  2.952E+13  8.431E+12  2.985E+12  3.036E+12  8.807E+12  3.070E+13  9.449E+13  2.039E+14  3.144E+14  4.040E+14  4.708E+14  5.180E+14  5.495E+14  5.686E+14  5.775E+14  5.774E+14  5.683E+14  5.490E+14  5.172E+14  4.698E+14  4.028E+14  3.130E+14  2.027E+14
  465.0000  9.327E+13  2.986E+13  8.522E+12  3.008E+12  3.059E+12  8.903E+12  3.106E+13  9.652E+13  2.071E+14  3.172E+14  4.057E+14  4.713E+14  5.175E+14  5.484E+14  5.670E+14  5.757E+14  5.756E+14  5.667E+14  5.479E+14  5.168E+14  4.703E+14  4.044E+14  3.158E+14  2.059E+14
  470.0000  9.563E+13  3.028E+13  8.620E+12  3.031E+12  3.083E+12  9.006E+12  3.151E+13  9.895E+13  2.112E+14  3.214E+14  4.093E+14  4.742E+14  5.199E+14  5.503E+14  5.686E+14  5.771E+14  5.771E+14  5.683E+14  5.498E+14  5.192E+14  4.733E+14  4.081E+14  3.200E+14  2.099E+14
  475.0000  9.953E+13  3.114E+13  8.828E+12  3.089E+12  3.142E+12  9.224E+12  3.242E+13  1.030E+14  2.187E+14  3.309E+14  4.198E+14  4.852E+14  5.310E+14  5.615E+14  5.799E+14  5.884E+14  5.883E+14  5.796E+14  5.610E+14  5.303E+14  4.842E+14  4.186E+14  3.295E+14  2.175E+14
  480.0000  1.041E+14  3.195E+13  8.910E+12  3.078E+12  3.132E+12  9.314E+12  3.330E+13  1.078E+14  2.286E+14  3.447E+14  4.362E+14  5.032E+14  5.502E+14  5.814E+14  6.002E+14  6.089E+14  6.088E+14  5.999E+14  5.809E+14  5.495E+14  5.022E+14  4.349E+14  3.433E+14  2.273E+14
  485.0000  9.722E+13  2.949E+13  8.186E+12  2.815E+12  2.865E+12  8.558E+12  3.075E+13  1.006E+14  2.123E+14  3.184E+14  4.014E+14  4.620E+14  5.044E+14  5.325E+14  5.494E+14  5.573E+14  5.572E+14  5.492E+14  5.321E+14  5.038E+14  4.611E+14  4.002E+14  3.171E+14  2.111E+14
  490.0000  1.044E+14  3.142E+13  8.716E+12  2.994E+12  3.048E+12  9.111E+12  3.278E+13  1.081E+14  2.265E+14  3.376E+14  4.238E+14  4.867E+14  5.305E+14  5.595E+14  5.770E+14  5.851E+14  5.850E+14  5.767E+14  5.591E+14  5.298E+14  4.857E+14  4.227E+14  3.362E+14  2.252E+14
  495.0000  1.091E+14  3.244E+13  8.943E+12  3.058E+12  3.113E+12  9.349E+12  3.387E+13  1.129E+14  2.354E+14  3.491E+14  4.370E+14  5.007E+14  5.451E+14  5.745E+14  5.921E+14  6.003E+14  6.002E+14  5.918E+14  5.740E+14  5.444E+14  4.998E+14  4.358E+14  3.477E+14  2.341E+14
  500.0000  1.055E+14  3.078E+13  8.327E+12  2.812E+12  2.864E+12  8.709E+12  3.216E+13  1.092E+14  2.274E+14  3.364E+14  4.203E+14  4.810E+14  5.233E+14  5.512E+14  5.679E+14  5.757E+14  5.757E+14  5.677E+14  5.507E+14  5.226E+14  4.801E+14  4.191E+14  3.350E+14  2.262E+14
  505.0000  1.080E+14  3.080E+13  8.123E+12  2.698E+12  2.749E+12  8.502E+12  3.222E+13  1.118E+14  2.331E+14  3.443E+14  4.297E+14  4.915E+14  5.344E+14  5.627E+14  5.798E+14  5.877E+14  5.876E+14  5.795E+14  5.623E+14  5.337E+14  4.905E+14  4.285E+14  3.429E+14  2.319E+14
  510.0000  1.103E+14  3.126E+13  8.242E+12  2.740E+12  2.791E+12  8.625E+12  3.272E+13  1.142E+14  2.364E+14  3.471E+14  4.317E+14  4.926E+14  5.349E+14  5.628E+14  5.796E+14  5.874E+14  5.873E+14  5.793E+14  5.624E+14  5.343E+14  4.917E+14  4.305E+14  3.458E+14  2.351E+14
  515.0000  1.048E+14  2.942E+13  7.706E+12  2.555E+12  2.604E+12  8.065E+12  3.081E+13  1.084E+14  2.233E+14  3.264E+14  4.047E+14  4.611E+14  5.001E+14  5.258E+14  5.413E+14  5.484E+14  5.483E+14  5.410E+14  5.254E+14  4.995E+14  4.602E+14  4.036E+14  3.251E+14  2.221E+14
  520.0000  1.097E+14  3.040E+13  7.863E+12  2.590E+12  2.640E+12  8.230E+12  3.187E+13  1.135E+14  2.330E+14  3.394E+14  4.200E+14  4.778E+14  5.178E+14  5.442E+14  5.600E+14  5.673E+14  5.673E+14  5.598E+14  5.438E+14  5.172E+14  4.769E+14  4.189E+14  3.381E+14  2.318E+14
  525.0000  1.110E+14  3.016E+13  7.617E+12  2.476E+12  2.525E+12  7.977E+12  3.165E+13  1.148E+14  2.357E+14  3.429E+14  4.239E+14  4.820E+14  5.222E+14  5.487E+14  5.646E+14  5.719E+14  5.719E+14  5.643E+14  5.483E+14  5.216E+14  4.812E+14  4.228E+14  3.417E+14  2.345E+14
  530.0000  1.170E+14  3.104E+13  7.598E+12  2.426E+12  2.475E+12  7.964E+12  3.262E+13  1.211E+14  2.492E+14  3.626E+14  4.482E+14  5.096E+14  5.521E+14  5.801E+14  5.969E+14  6.047E+14  6.046E+14  5.966E+14  5.797E+14  5.515E+14  5.087E+14  4.471E+14  3.612E+14  2.479E+14
  535.0000  1.150E+14  3.013E+13  7.261E+12  2.303E+12  2.350E+12  7.612E+12  3.170E+13  1.191E+14  2.444E+14  3.548E+14  4.379E+14  4.974E+14  5.385E+14  5.656E+14  5.819E+14  5.894E+14  5.893E+14  5.816E+14  5.652E+14  5.379E+14  4.965E+14  4.368E+14  3.535E+14  2.432E+14
  540.0000  1.177E+14  3.061E+13  7.321E+12  2.320E+12  2.367E+12  7.674E+12  3.223E+13  1.218E+14  2.488E+14  3.597E+14  4.428E+14  5.022E+14  5.433E+14  5.703E+14  5.865E+14  5.940E+14  5.940E+14  5.863E+14  5.699E+14  5.426E+14  5.013E+14  4.417E+14  3.583E+14  2.475E+14
  545.0000  1.209E+14  3.101E+13  7.282E+12  2.291E+12  2.338E+12  7.635E+12  3.269E+13  1.251E+14  2.550E+14  3.680E+14  4.525E+14  5.128E+14  5.545E+14  5.819E+14  5.984E+14  6.060E+14  6.059E+14  5.981E+14  5.815E+14  5.539E+14  5.119E+14  4.513E+14  3.666E+14  2.537E+14
  550.0000  1.231E+14  3.124E+13  7.227E+12  2.263E+12  2.310E+12  7.579E+12  3.296E+13  1.274E+14  2.589E+14  3.726E+14  4.575E+14  5.180E+14  5.598E+14  5.873E+14  6.038E+14  6.114E+14  6.114E+14  6.035E+14  5.869E+14  5.592E+14  5.171E+14  4.563E+14  3.713E+14  2.576E+14
  555.0000  1.244E+14  3.119E+13  7.093E+12  2.212E+12  2.258E+12  7.439E+12  3.294E+13  1.287E+14  2.604E+14  3.736E+14  4.578E+14  5.177E+14  5.591E+14  5.863E+14  6.026E+14  6.101E+14  6.100E+14  6.023E+14  5.858E+14  5.584E+14  5.168E+14  4.566E+14  3.723E+14  2.591E+14
  560.0000  1.215E+14  2.995E+13  6.621E+12  2.041E+12  2.084E+12  6.948E+12  3.167E+13  1.258E+14  2.548E+14  3.657E+14  4.480E+14  5.067E+14  5.472E+14  5.738E+14  5.898E+14  5.972E+14  5.971E+14  5.895E+14  5.734E+14  5.465E+14  5.058E+14  4.469E+14  3.643E+14  2.536E+14
  565.0000  1.217E+14  2.946E+13  6.322E+12  1.925E+12  1.966E+12  6.638E+12  3.119E+13  1.260E+14  2.559E+14  3.674E+14  4.502E+14  5.093E+14  5.500E+14  5.768E+14  5.929E+14  6.004E+14  6.003E+14  5.926E+14  5.764E+14  5.493E+14  5.084E+14  4.491E+14  3.660E+14  2.546E+14
  570.0000  1.220E+14  2.914E+13  6.119E+12  1.851E+12  1.891E+12  6.427E+12  3.089E+13  1.263E+14  2.563E+14  3.676E+14  4.502E+14  5.090E+14  5.496E+14  5.764E+14  5.924E+14  5.999E+14  5.998E+14  5.922E+14  5.759E+14  5.490E+14  5.081E+14  4.491E+14  3.662E+14  2.550E+14
  575.0000  1.259E+14  2.988E+13  6.187E+12  1.869E+12  1.910E+12  6.499E+12  3.170E+13  1.304E+14  2.637E+14  3.772E+14  4.614E+14  5.213E+14  5.626E+14  5.898E+14  6.061E+14  6.137E+14  6.136E+14  6.059E+14  5.894E+14  5.620E+14  5.204E+14  4.603E+14  3.759E+14  2.624E+14
  580.0000  1.279E+14  3.049E+13  6.335E+12  1.934E+12  1.975E+12  6.650E+12  3.235E+13  1.323E+14  2.651E+14  3.771E+14  4.598E+14  5.184E+14  5.588E+14  5.854E+14  6.014E+14  6.088E+14  6.087E+14  6.011E+14  5.850E+14  5.582E+14  5.176E+14  4.586E+14  3.758E+14  2.637E+14
  585.0000  1.321E+14  3.170E+13  6.613E+12  2.042E+12  2.085E+12  6.938E+12  3.364E+13  1.367E+14  2.711E+14  3.835E+14  4.660E+14  5.245E+14  5.647E+14  5.911E+14  6.070E+14  6.143E+14  6.142E+14  6.067E+14  5.907E+14  5.641E+14  5.236E+14  4.649E+14  3.822E+14  2.698E+14
  590.0000  1.303E+14  3.125E+13  6.479E+12  2.010E+12  2.053E+12  6.795E+12  3.319E+13  1.348E+14  2.657E+14  3.745E+14  4.541E+14  5.104E+14  5.492E+14  5.746E+14  5.899E+14  5.969E+14  5.969E+14  5.896E+14  5.742E+14  5.486E+14  5.096E+14  4.531E+14  3.732E+14  2.644E+14
  595.0000  1.337E+14  3.171E+13  6.422E+12  1.981E+12  2.024E+12  6.737E+12  3.371E+13  1.382E+14  2.725E+14  3.840E+14  4.655E+14  5.231E+14  5.628E+14  5.888E+14  6.045E+14  6.117E+14  6.116E+14  6.042E+14  5.884E+14  5.622E+14  5.223E+14  4.644E+14  3.826E+14  2.712E+14
  600.0000  1.305E+14  3.053E+13  6.006E+12  1.837E+12  1.877E+12  6.304E+12  3.249E+13  1.350E+14  2.665E+14  3.758E+14  4.558E+14  5.123E+14  5.512E+14  5.768E+14  5.922E+14  5.993E+14  5.992E+14  5.920E+14  5.764E+14  5.506E+14  5.115E+14  4.547E+14  3.745E+14  2.653E+14
  605.0000  1.346E+14  3.147E+13  6.136E+12  1.885E+12  1.926E+12  6.439E+12  3.351E+13  1.391E+14  2.734E+14  3.842E+14  4.652E+14  5.224E+14  5.617E+14  5.876E+14  6.031E+14  6.103E+14  6.102E+14  6.029E+14  5.872E+14  5.611E+14  5.215E+14  4.641E+14  3.829E+14  2.721E+14
  610.0000  1.383E+14  3.279E+13  6.478E+12  2.027E+12  2.070E+12  6.792E+12  3.491E+13  1.429E+14  2.772E+14  3.867E+14  4.663E+14  5.223E+14  5.608E+14  5.861E+14  6.013E+14  6.083E+14  6.082E+14  6.010E+14  5.857E+14  5.602E+14  5.215E+14  4.652E+14  3.854E+14  2.758E+14
  615.0000  1.408E+14  3.395E+13  6.815E+12  2.178E+12  2.223E+12  7.138E+12  3.614E+13  1.454E+14  2.782E+14  3.852E+14  4.625E+14  5.167E+14  5.539E+14  5.783E+14  5.929E+14  5.997E+14  5.996E+14  5.927E+14  5.779E+14  5.533E+14  5.159E+14  4.614E+14  3.839E+14  2.769E+14
  620.0000  1.483E+14  3.622E+13  7.350E+12  2.391E+12  2.439E+12  7.692E+12  3.855E+13  1.530E+14  2.893E+14  3.979E+14  4.759E+14  5.305E+14  5.679E+14  5.925E+14  6.072E+14  6.140E+14  6.139E+14  6.069E+14  5.921E+14  5.674E+14  5.297E+14  4.748E+14  3.966E+14  2.880E+14
  625.0000  1.499E+14  3.701E+13  7.554E+12  2.494E+12  2.544E+12  7.900E+12  3.939E+13  1.546E+14  2.893E+14  3.957E+14  4.717E+14  5.249E+14  5.612E+14  5.851E+14  5.993E+14  6.059E+14  6.059E+14  5.991E+14  5.847E+14  5.607E+14  5.241E+14  4.707E+14  3.944E+14  2.880E+14
  630.0000  1.552E+14  3.877E+13  7.974E+12  2.675E+12  2.727E+12  8.332E+12  4.126E+13  1.601E+14  2.963E+14  4.028E+14  4.786E+14  5.315E+14  5.676E+14  5.913E+14  6.054E+14  6.120E+14  6.119E+14  6.052E+14  5.909E+14  5.671E+14  5.307E+14  4.776E+14  4.015E+14  2.950E+14
  635.0000  1.595E+14  4.038E+13  8.377E+12  2.859E+12  2.914E+12  8.747E+12  4.297E+13  1.645E+14  3.010E+14  4.068E+14  4.817E+14  5.339E+14  5.694E+14  5.927E+14  6.066E+14  6.131E+14  6.130E+14  6.064E+14  5.923E+14  5.689E+14  5.331E+14  4.807E+14  4.056E+14  2.998E+14
  640.0000  1.633E+14  4.189E+13  8.771E+12  3.046E+12  3.104E+12  9.151E+12  4.457E+13  1.682E+14  3.045E+14  4.090E+14  4.827E+14  5.338E+14  5.686E+14  5.914E+14  6.050E+14  6.113E+14  6.113E+14  6.048E+14  5.911E+14  5.681E+14  5.330E+14  4.816E+14  4.078E+14  3.033E+14
  644.8000  1.675E+14  4.348E+13  9.167E+12  3.234E+12  3.294E+12  9.557E+12  4.626E+13  1.725E+14  3.092E+14  4.130E+14  4.858E+14  5.363E+14  5.707E+14  5.932E+14  6.066E+14  6.128E+14  6.127E+14  6.064E+14  5.928E+14  5.702E+14  5.356E+14  4.848E+14  4.117E+14  3.079E+14
  651.0500  1.715E+14  4.508E+13  9.540E+12  3.424E+12  3.487E+12  9.938E+12  4.797E+13  1.765E+14  3.128E+14  4.152E+14  4.868E+14  5.364E+14  5.700E+14  5.920E+14  6.051E+14  6.112E+14  6.111E+14  6.049E+14  5.916E+14  5.695E+14  5.356E+14  4.859E+14  4.140E+14  3.115E+14
  660.0000  1.713E+14  4.587E+13  9.757E+12  3.590E+12  3.654E+12  1.015E+13  4.880E+13  1.762E+14  3.072E+14  4.043E+14  4.717E+14  5.182E+14  5.497E+14  5.703E+14  5.826E+14  5.883E+14  5.882E+14  5.824E+14  5.700E+14  5.492E+14  5.175E+14  4.708E+14  4.031E+14  3.060E+14
  670.0000  1.859E+14  5.086E+13  1.088E+13  4.113E+12  4.184E+12  1.130E+13  5.411E+13  1.911E+14  3.274E+14  4.268E+14  4.954E+14  5.425E+14  5.744E+14  5.953E+14  6.077E+14  6.134E+14  6.134E+14  6.075E+14  5.949E+14  5.739E+14  5.418E+14  4.944E+14  4.256E+14  3.261E+14
  680.0000  1.920E+14  5.354E+13  1.145E+13  4.435E+12  4.509E+12  1.189E+13  5.695E+13  1.972E+14  3.327E+14  4.301E+14  4.969E+14  5.427E+14  5.737E+14  5.939E+14  6.059E+14  6.115E+14  6.114E+14  6.057E+14  5.936E+14  5.732E+14  5.420E+14  4.960E+14  4.289E+14  3.315E+14
  690.0000  1.981E+14  5.615E+13  1.195E+13  4.726E+12  4.803E+12  1.240E+13  5.973E+13  2.033E+14  3.383E+14  4.342E+14  4.996E+14  5.443E+14  5.746E+14  5.943E+14  6.060E+14  6.115E+14  6.114E+14  6.058E+14  5.940E+14  5.741E+14  5.436E+14  4.987E+14  4.331E+14  3.371E+14
  700.0000  2.036E+14  5.872E+13  1.243E+13  5.021E+12  5.101E+12  1.289E+13  6.246E+13  2.089E+14  3.428E+14  4.369E+14  5.006E+14  5.442E+14  5.736E+14  5.928E+14  6.042E+14  6.095E+14  6.095E+14  6.041E+14  5.925E+14  5.732E+14  5.435E+14  4.998E+14  4.357E+14  3.416E+14
  710.0000  2.065E+14  6.035E+13  1.262E+13  5.179E+12  5.259E+12  1.308E+13  6.420E+13  2.117E+14  3.437E+14  4.355E+14  4.975E+14  5.398E+14  5.684E+14  5.870E+14  5.981E+14  6.032E+14  6.032E+14  5.979E+14  5.867E+14  5.679E+14  5.392E+14  4.967E+14  4.344E+14  3.426E+14
  720.0000  2.069E+14  6.122E+13  1.262E+13  5.251E+12  5.331E+12  1.307E+13  6.513E+13  2.120E+14  3.408E+14  4.295E+14  4.893E+14  5.300E+14  5.575E+14  5.754E+14  5.861E+14  5.910E+14  5.910E+14  5.859E+14  5.751E+14  5.571E+14  5.294E+14  4.885E+14  4.285E+14  3.397E+14
  730.0000  2.096E+14  6.287E+13  1.280E+13  5.405E+12  5.485E+12  1.324E+13  6.688E+13  2.146E+14  3.414E+14  4.280E+14  4.861E+14  5.257E+14  5.524E+14  5.698E+14  5.801E+14  5.849E+14  5.849E+14  5.800E+14  5.695E+14  5.519E+14  5.251E+14  4.853E+14  4.270E+14  3.403E+14
------------------------------------------------------------
Photolysis rate coefficients, s-1
   1 = O3 -> O2 + O(1D)                                  
   2 = H2O2 -> 2 OH                                      
   3 = NO2 -> NO + O(3P)                                 
   4 = NO3 -> NO + O2                                    
   5 = NO3 -> NO2 + O(3P)                                
   6 = CH2O -> H + HCO                                   
   7 = CH2O -> H2 + CO                                   
values at z =      0.500 km
Columns: time, sza, photo-reactions
time, hrs.  sza, deg.          1          2          3          4          5          6          7
    0.0000     83.700  2.905E-07  4.151E-07  9.730E-04  5.415E-03  3.845E-02  1.238E-06  3.178E-06
    1.0000     87.735  9.322E-08  1.481E-07  3.652E-04  1.298E-03  9.867E-03  3.921E-07  1.144E-06
    2.0000     90.571  2.899E-08  4.264E-08  1.082E-04  2.616E-04  2.283E-03  1.055E-07  3.269E-07
    3.0000     92.026  1.293E-08  1.691E-08  4.186E-05  8.251E-05  7.293E-04  4.219E-08  1.292E-07
    4.0000     92.001  1.316E-08  1.719E-08  4.251E-05  8.424E-05  7.439E-04  4.295E-08  1.313E-07
    5.0000     90.497  3.005E-08  4.441E-08  1.128E-04  2.742E-04  2.392E-03  1.100E-07  3.406E-07
    6.0000     87.616  9.699E-08  1.539E-07  3.788E-04  1.380E-03  1.041E-02  4.093E-07  1.189E-06
    7.0000     83.544  3.016E-07  4.284E-07  1.003E-03  5.596E-03  3.979E-02  1.282E-06  3.277E-06
    8.0000     78.517  8.665E-07  9.840E-07  2.207E-03  1.085E-02  8.065E-02  3.218E-06  7.357E-06
    9.0000     72.808  2.247E-06  1.889E-06  3.831E-03  1.514E-02  1.163E-01  6.688E-06  1.385E-05
   10.0000     66.709  4.906E-06  3.027E-06  5.472E-03  1.826E-02  1.430E-01  1.145E-05  2.174E-05
   11.0000     60.547  8.903E-06  4.209E-06  6.891E-03  2.046E-02  1.621E-01  1.672E-05  2.959E-05
   12.0000     54.691  1.372E-05  5.281E-06  8.001E-03  2.197E-02  1.753E-01  2.167E-05  3.639E-05
   13.0000     49.583  1.847E-05  6.139E-06  8.797E-03  2.296E-02  1.840E-01  2.574E-05  4.163E-05
   14.0000     45.734  2.224E-05  6.730E-06  9.304E-03  2.355E-02  1.893E-01  2.858E-05  4.514E-05
   15.0000     43.651  2.431E-05  7.029E-06  9.548E-03  2.383E-02  1.917E-01  3.003E-05  4.688E-05
   16.0000     43.671  2.429E-05  7.026E-06  9.545E-03  2.383E-02  1.917E-01  3.001E-05  4.686E-05
   17.0000     45.791  2.218E-05  6.721E-06  9.296E-03  2.354E-02  1.892E-01  2.854E-05  4.509E-05
   18.0000     49.667  1.839E-05  6.125E-06  8.785E-03  2.294E-02  1.839E-01  2.568E-05  4.155E-05
   19.0000     54.789  1.363E-05  5.263E-06  7.983E-03  2.194E-02  1.751E-01  2.159E-05  3.628E-05
   20.0000     60.648  8.826E-06  4.190E-06  6.869E-03  2.042E-02  1.618E-01  1.663E-05  2.946E-05
   21.0000     66.805  4.854E-06  3.008E-06  5.447E-03  1.822E-02  1.426E-01  1.137E-05  2.161E-05
   22.0000     72.887  2.220E-06  1.875E-06  3.807E-03  1.509E-02  1.158E-01  6.630E-06  1.375E-05
   23.0000     78.573  8.574E-07  9.764E-07  2.191E-03  1.080E-02  8.024E-02  3.190E-06  7.301E-06
------------------------------------------------------------
