Spectral actinic flux, quanta cm-2 s-1 nm-1
values at z =      0.500 km
Columns: wavelength (nm), times (hrs.) or sza (deg.)
    wc, nm      0.000      1.000      2.000      3.000      4.000      5.000      6.000      7.000      8.000      9.000     10.000     11.000     12.000     13.000     14.000     15.000     16.000     17.000     18.000     19.000     20.000     21.000     22.000     23.000
    sza =      85.517     89.754     92.712     94.196     94.098     92.427     89.299     84.921     79.550     73.475     67.003     60.468     54.257     48.838     44.765     42.605     42.729     45.116     49.357     54.880     61.138     67.673     74.105     80.103
  120.7000  0.000E+00  0.000E+00  0.000E+00  0.000E+00  0.000E+00  0.000E+00  0.000E+00  0.000E+00  0.000E+00  0.000E+00  0.000E+00  0.000E+00  0.000E+00  0.000E+00  0.000E+00  0.000E+00  0.000E+00  0.000E+00  0.000E+00  0.000E+00  0.000E+00  0.000E+00  0.000E+00  0.000E+00
  121.6500  0.000E+00  0.000E+00  0.000E+00  0.000E+00  0.000E+00  0.000E+00  0.000E+00  0.000E+00  0.000E+00  0.000E+00  0.000E+00  0.000E+00  0.000E+00  0.000E+00  0.000E+00  0.000E+00  0.000E+00  0.000E+00  0.000E+00  0.000E+00  0.000E+00  0.000E+00  0.000E+00  0.000E+00
  122.1000  0.000E+00  0.000E+00  0.000E+00  0.000E+00  0.000E+00  0.000E+00  0.000E+00  0.000E+00  0.000E+00  0.000E+00  0.000E+00  0.000E+00  0.000E+00  0.000E+00  0.000E+00  0.000E+00  0.000E+00  0.000E+00  0.000E+00  0.000E+00  0.000E+00  0.000E+00  0.000E+00  0.000E+00
  122.7000  0.000E+00  0.000E+00  0.000E+00  0.000E+00  0.000E+00  0.000E+00  0.000E+00  0.000E+00  0.000E+00  0.000E+00  0.000E+00  0.000E+00  0.000E+00  0.000E+00  0.000E+00  0.000E+00  0.000E+00  0.000E+00  0.000E+00  0.000E+00  0.000E+00  0.000E+00  0.000E+00  0.000E+00
  123.4500  0.000E+00  0.000E+00  0.000E+00  0.000E+00  0.000E+00  0.000E+00  0.000E+00  0.000E+00  0.000E+00  0.000E+00  0.000E+00  0.000E+00  0.000E+00  0.000E+00  0.000E+00  0.000E+00  0.000E+00  0.000E+00  0.000E+00  0.000E+00  0.000E+00  0.000E+00  0.000E+00  0.000E+00
  124.2000  0.000E+00  0.000E+00  0.000E+00  0.000E+00  0.000E+00  0.000E+00  0.000E+00  0.000E+00  0.000E+00  0.000E+00  0.000E+00  0.000E+00  0.000E+00  0.000E+00  0.000E+00  0.000E+00  0.000E+00  0.000E+00  0.000E+00  0.000E+00  0.000E+00  0.000E+00  0.000E+00  0.000E+00
  125.0000  0.000E+00  0.000E+00  0.000E+00  0.000E+00  0.000E+00  0.000E+00  0.000E+00  0.000E+00  0.000E+00  0.000E+00  0.000E+00  0.000E+00  0.000E+00  0.000E+00  0.000E+00  0.000E+00  0.000E+00  0.000E+00  0.000E+00  0.000E+00  0.000E+00  0.000E+00  0.000E+00  0.000E+00
  125.8000  0.000E+00  0.000E+00  0.000E+00  0.000E+00  0.000E+00  0.000E+00  0.000E+00  0.000E+00  0.000E+00  0.000E+00  0.000E+00  0.000E+00  0.000E+00  0.000E+00  0.000E+00  0.000E+00  0.000E+00  0.000E+00  0.000E+00  0.000E+00  0.000E+00  0.000E+00  0.000E+00  0.000E+00
  126.6000  0.000E+00  0.000E+00  0.000E+00  0.000E+00  0.000E+00  0.000E+00  0.000E+00  0.000E+00  0.000E+00  0.000E+00  0.000E+00  0.000E+00  0.000E+00  0.000E+00  0.000E+00  0.000E+00  0.000E+00  0.000E+00  0.000E+00  0.000E+00  0.000E+00  0.000E+00  0.000E+00  0.000E+00
  127.8000  0.000E+00  0.000E+00  0.000E+00  0.000E+00  0.000E+00  0.000E+00  0.000E+00  0.000E+00  0.000E+00  0.000E+00  0.000E+00  0.000E+00  0.000E+00  0.000E+00  0.000E+00  0.000E+00  0.000E+00  0.000E+00  0.000E+00  0.000E+00  0.000E+00  0.000E+00  0.000E+00  0.000E+00
  129.0000  0.000E+00  0.000E+00  0.000E+00  0.000E+00  0.000E+00  0.000E+00  0.000E+00  0.000E+00  0.000E+00  0.000E+00  0.000E+00  0.000E+00  0.000E+00  0.000E+00  0.000E+00  0.000E+00  0.000E+00  0.000E+00  0.000E+00  0.000E+00  0.000E+00  0.000E+00  0.000E+00  0.000E+00
  129.8500  0.000E+00  0.000E+00  0.000E+00  0.000E+00  0.000E+00  0.000E+00  0.000E+00  0.000E+00  0.000E+00  0.000E+00  0.000E+00  0.000E+00  0.000E+00  0.000E+00  0.000E+00  0.000E+00  0.000E+00  0.000E+00  0.000E+00  0.000E+00  0.000E+00  0.000E+00  0.000E+00  0.000E+00
  131.1500  0.000E+00  0.000E+00  0.000E+00  0.000E+00  0.000E+00  0.000E+00  0.000E+00  0.000E+00  0.000E+00  0.000E+00  0.000E+00  0.000E+00  0.000E+00  0.000E+00  0.000E+00  0.000E+00  0.000E+00  0.000E+00  0.000E+00  0.000E+00  0.000E+00  0.000E+00  0.000E+00  0.000E+00
  133.5000  0.000E+00  0.000E+00  0.000E+00  0.000E+00  0.000E+00  0.000E+00  0.000E+00  0.000E+00  0.000E+00  0.000E+00  0.000E+00  0.000E+00  0.000E+00  0.000E+00  0.000E+00  0.000E+00  0.000E+00  0.000E+00  0.000E+00  0.000E+00  0.000E+00  0.000E+00  0.000E+00  0.000E+00
  136.0000  0.000E+00  0.000E+00  0.000E+00  0.000E+00  0.000E+00  0.000E+00  0.000E+00  0.000E+00  0.000E+00  0.000E+00  0.000E+00  0.000E+00  0.000E+00  0.000E+00  0.000E+00  0.000E+00  0.000E+00  0.000E+00  0.000E+00  0.000E+00  0.000E+00  0.000E+00  0.000E+00  0.000E+00
  141.0000  0.000E+00  0.000E+00  0.000E+00  0.000E+00  0.000E+00  0.000E+00  0.000E+00  0.000E+00  0.000E+00  0.000E+00  0.000E+00  0.000E+00  0.000E+00  0.000E+00  0.000E+00  0.000E+00  0.000E+00  0.000E+00  0.000E+00  0.000E+00  0.000E+00  0.000E+00  0.000E+00  0.000E+00
  150.0000  0.000E+00  0.000E+00  0.000E+00  0.000E+00  0.000E+00  0.000E+00  0.000E+00  0.000E+00  0.000E+00  0.000E+00  0.000E+00  0.000E+00  0.000E+00  0.000E+00  0.000E+00  0.000E+00  0.000E+00  0.000E+00  0.000E+00  0.000E+00  0.000E+00  0.000E+00  0.000E+00  0.000E+00
  160.0000  0.000E+00  0.000E+00  0.000E+00  0.000E+00  0.000E+00  0.000E+00  0.000E+00  0.000E+00  0.000E+00  0.000E+00  0.000E+00  0.000E+00  0.000E+00  0.000E+00  0.000E+00  0.000E+00  0.000E+00  0.000E+00  0.000E+00  0.000E+00  0.000E+00  0.000E+00  0.000E+00  0.000E+00
  167.5000  0.000E+00  0.000E+00  0.000E+00  0.000E+00  0.000E+00  0.000E+00  0.000E+00  0.000E+00  0.000E+00  0.000E+00  0.000E+00  0.000E+00  0.000E+00  0.000E+00  0.000E+00  0.000E+00  0.000E+00  0.000E+00  0.000E+00  0.000E+00  0.000E+00  0.000E+00  0.000E+00  0.000E+00
  172.2000  0.000E+00  0.000E+00  0.000E+00  0.000E+00  0.000E+00  0.000E+00  0.000E+00  0.000E+00  0.000E+00  0.000E+00  0.000E+00  0.000E+00  0.000E+00  0.000E+00  0.000E+00  0.000E+00  0.000E+00  0.000E+00  0.000E+00  0.000E+00  0.000E+00  0.000E+00  0.000E+00  0.000E+00
  175.7000  0.000E+00  0.000E+00  0.000E+00  0.000E+00  0.000E+00  0.000E+00  0.000E+00  0.000E+00  0.000E+00  0.000E+00  0.000E+00  0.000E+00  0.000E+00  0.000E+00  0.000E+00  0.000E+00  0.000E+00  0.000E+00  0.000E+00  0.000E+00  0.000E+00  0.000E+00  0.000E+00  0.000E+00
  177.8000  0.000E+00  0.000E+00  0.000E+00  0.000E+00  0.000E+00  0.000E+00  0.000E+00  0.000E+00  0.000E+00  0.000E+00  0.000E+00  0.000E+00  0.000E+00  0.000E+00  0.000E+00  0.000E+00  0.000E+00  0.000E+00  0.000E+00  0.000E+00  0.000E+00  0.000E+00  0.000E+00  0.000E+00
  179.4000  0.000E+00  0.000E+00  0.000E+00  0.000E+00  0.000E+00  0.000E+00  0.000E+00  0.000E+00  0.000E+00  0.000E+00  0.000E+00  0.000E+00  0.000E+00  0.000E+00  0.000E+00  0.000E+00  0.000E+00  0.000E+00  0.000E+00  0.000E+00  0.000E+00  0.000E+00  0.000E+00  0.000E+00
  181.0000  0.000E+00  0.000E+00  0.000E+00  0.000E+00  0.000E+00  0.000E+00  0.000E+00  0.000E+00  0.000E+00  0.000E+00  0.000E+00  0.000E+00  0.000E+00  0.000E+00  0.000E+00  0.000E+00  0.000E+00  0.000E+00  0.000E+00  0.000E+00  0.000E+00  0.000E+00  0.000E+00  0.000E+00
  182.6500  0.000E+00  0.000E+00  0.000E+00  0.000E+00  0.000E+00  0.000E+00  0.000E+00  0.000E+00  0.000E+00  0.000E+00  0.000E+00  0.000E+00  0.000E+00  0.000E+00  0.000E+00  0.000E+00  0.000E+00  0.000E+00  0.000E+00  0.000E+00  0.000E+00  0.000E+00  0.000E+00  0.000E+00
  184.3500  0.000E+00  0.000E+00  0.000E+00  0.000E+00  0.000E+00  0.000E+00  0.000E+00  0.000E+00  0.000E+00  0.000E+00  0.000E+00  0.000E+00  0.000E+00  0.000E+00  0.000E+00  0.000E+00  0.000E+00  0.000E+00  0.000E+00  0.000E+00  0.000E+00  0.000E+00  0.000E+00  0.000E+00
  186.0500  0.000E+00  0.000E+00  0.000E+00  0.000E+00  0.000E+00  0.000E+00  0.000E+00  0.000E+00  0.000E+00  0.000E+00  0.000E+00  0.000E+00  0.000E+00  0.000E+00  0.000E+00  0.000E+00  0.000E+00  0.000E+00  0.000E+00  0.000E+00  0.000E+00  0.000E+00  0.000E+00  0.000E+00
  187.8000  0.000E+00  0.000E+00  0.000E+00  0.000E+00  0.000E+00  0.000E+00  0.000E+00  0.000E+00  0.000E+00  0.000E+00  0.000E+00  0.000E+00  0.000E+00  0.000E+00  0.000E+00  0.000E+00  0.000E+00  0.000E+00  0.000E+00  0.000E+00  0.000E+00  0.000E+00  0.000E+00  0.000E+00
  189.6000  0.000E+00  0.000E+00  0.000E+00  0.000E+00  0.000E+00  0.000E+00  0.000E+00  0.000E+00  0.000E+00  0.000E+00  0.000E+00  0.000E+00  0.000E+00  0.000E+00  0.000E+00  0.000E+00  0.000E+00  0.000E+00  0.000E+00  0.000E+00  0.000E+00  0.000E+00  0.000E+00  0.000E+00
  191.4000  0.000E+00  0.000E+00  0.000E+00  0.000E+00  0.000E+00  0.000E+00  0.000E+00  0.000E+00  0.000E+00  0.000E+00  0.000E+00  0.000E+00  0.000E+00  0.000E+00  0.000E+00  0.000E+00  0.000E+00  0.000E+00  0.000E+00  0.000E+00  0.000E+00  0.000E+00  0.000E+00  0.000E+00
  193.2500  0.000E+00  0.000E+00  0.000E+00  0.000E+00  0.000E+00  0.000E+00  0.000E+00  0.000E+00  0.000E+00  0.000E+00  0.000E+00  0.000E+00  0.000E+00  0.000E+00  0.000E+00  0.000E+00  0.000E+00  0.000E+00  0.000E+00  0.000E+00  0.000E+00  0.000E+00  0.000E+00  0.000E+00
  195.1500  0.000E+00  0.000E+00  0.000E+00  0.000E+00  0.000E+00  0.000E+00  0.000E+00  0.000E+00  0.000E+00  0.000E+00  0.000E+00  0.000E+00  0.000E+00  0.000E+00  0.000E+00  0.000E+00  0.000E+00  0.000E+00  0.000E+00  0.000E+00  0.000E+00  0.000E+00  0.000E+00  0.000E+00
  197.0500  0.000E+00  0.000E+00  0.000E+00  0.000E+00  0.000E+00  0.000E+00  0.000E+00  0.000E+00  0.000E+00  0.000E+00  0.000E+00  0.000E+00  0.000E+00  0.000E+00  0.000E+00  0.000E+00  0.000E+00  0.000E+00  0.000E+00  0.000E+00  0.000E+00  0.000E+00  0.000E+00  0.000E+00
  199.0000  0.000E+00  0.000E+00  0.000E+00  0.000E+00  0.000E+00  0.000E+00  0.000E+00  0.000E+00  0.000E+00  0.000E+00  0.000E+00  0.000E+00  0.000E+00  0.000E+00  0.000E+00  0.000E+00  0.000E+00  0.000E+00  0.000E+00  0.000E+00  0.000E+00  0.000E+00  0.000E+00  0.000E+00
  201.0000  0.000E+00  0.000E+00  0.000E+00  0.000E+00  0.000E+00  0.000E+00  0.000E+00  0.000E+00  0.000E+00  0.000E+00  0.000E+00  0.000E+00  0.000E+00  0.000E+00  0.000E+00  0.000E+00  0.000E+00  0.000E+00  0.000E+00  0.000E+00  0.000E+00  0.000E+00  0.000E+00  0.000E+00
  203.0500  0.000E+00  0.000E+00  0.000E+00  0.000E+00  0.000E+00  0.000E+00  0.000E+00  0.000E+00  0.000E+00  0.000E+00  0.000E+00  0.000E+00  0.000E+00  0.000E+00  0.000E+00  0.000E+00  0.000E+00  0.000E+00  0.000E+00  0.000E+00  0.000E+00  0.000E+00  0.000E+00  0.000E+00
  204.9500  0.000E+00  0.000E+00  0.000E+00  0.000E+00  0.000E+00  0.000E+00  0.000E+00  0.000E+00  0.000E+00  0.000E+00  0.000E+00  0.000E+00  0.000E+00  0.000E+00  0.000E+00  0.000E+00  0.000E+00  0.000E+00  0.000E+00  0.000E+00  0.000E+00  0.000E+00  0.000E+00  0.000E+00
  207.0665  0.000E+00  0.000E+00  0.000E+00  0.000E+00  0.000E+00  0.000E+00  0.000E+00  0.000E+00  0.000E+00  0.000E+00  0.000E+00  0.000E+00  0.000E+00  0.000E+00  0.000E+00  0.000E+00  0.000E+00  0.000E+00  0.000E+00  0.000E+00  0.000E+00  0.000E+00  0.000E+00  0.000E+00
  209.4295  0.000E+00  0.000E+00  0.000E+00  0.000E+00  0.000E+00  0.000E+00  0.000E+00  0.000E+00  0.000E+00  0.000E+00  0.000E+00  0.000E+00  0.000E+00  0.000E+00  0.000E+00  0.000E+00  0.000E+00  0.000E+00  0.000E+00  0.000E+00  0.000E+00  0.000E+00  0.000E+00  0.000E+00
  211.6460  0.000E+00  0.000E+00  0.000E+00  0.000E+00  0.000E+00  0.000E+00  0.000E+00  0.000E+00  0.000E+00  0.000E+00  0.000E+00  0.000E+00  0.000E+00  0.000E+00  0.000E+00  0.000E+00  0.000E+00  0.000E+00  0.000E+00  0.000E+00  0.000E+00  0.000E+00  0.000E+00  0.000E+00
  213.9100  0.000E+00  0.000E+00  0.000E+00  0.000E+00  0.000E+00  0.000E+00  0.000E+00  0.000E+00  0.000E+00  0.000E+00  0.000E+00  0.000E+00  0.000E+00  0.000E+00  0.000E+00  0.000E+00  0.000E+00  0.000E+00  0.000E+00  0.000E+00  0.000E+00  0.000E+00  0.000E+00  0.000E+00
  216.2225  0.000E+00  0.000E+00  0.000E+00  0.000E+00  0.000E+00  0.000E+00  0.000E+00  0.000E+00  0.000E+00  0.000E+00  0.000E+00  0.000E+00  0.000E+00  0.000E+00  0.000E+00  0.000E+00  0.000E+00  0.000E+00  0.000E+00  0.000E+00  0.000E+00  0.000E+00  0.000E+00  0.000E+00
  218.5855  0.000E+00  0.000E+00  0.000E+00  0.000E+00  0.000E+00  0.000E+00  0.000E+00  0.000E+00  0.000E+00  0.000E+00  0.000E+00  0.000E+00  0.000E+00  0.000E+00  0.000E+00  0.000E+00  0.000E+00  0.000E+00  0.000E+00  0.000E+00  0.000E+00  0.000E+00  0.000E+00  0.000E+00
  221.0010  0.000E+00  0.000E+00  0.000E+00  0.000E+00  0.000E+00  0.000E+00  0.000E+00  0.000E+00  0.000E+00  0.000E+00  0.000E+00  0.000E+00  0.000E+00  0.000E+00  0.000E+00  0.000E+00  0.000E+00  0.000E+00  0.000E+00  0.000E+00  0.000E+00  0.000E+00  0.000E+00  0.000E+00
  223.4705  0.000E+00  0.000E+00  0.000E+00  0.000E+00  0.000E+00  0.000E+00  0.000E+00  0.000E+00  0.000E+00  0.000E+00  0.000E+00  0.000E+00  0.000E+00  0.000E+00  0.000E+00  0.000E+00  0.000E+00  0.000E+00  0.000E+00  0.000E+00  0.000E+00  0.000E+00  0.000E+00  0.000E+00
  225.9960  0.000E+00  0.000E+00  0.000E+00  0.000E+00  0.000E+00  0.000E+00  0.000E+00  0.000E+00  0.000E+00  0.000E+00  0.000E+00  0.000E+00  0.000E+00  0.000E+00  0.000E+00  0.000E+00  0.000E+00  0.000E+00  0.000E+00  0.000E+00  0.000E+00  0.000E+00  0.000E+00  0.000E+00
  228.5790  0.000E+00  0.000E+00  0.000E+00  0.000E+00  0.000E+00  0.000E+00  0.000E+00  0.000E+00  0.000E+00  0.000E+00  0.000E+00  0.000E+00  0.000E+00  0.000E+00  0.000E+00  0.000E+00  0.000E+00  0.000E+00  0.000E+00  0.000E+00  0.000E+00  0.000E+00  0.000E+00  0.000E+00
  231.2215  0.000E+00  0.000E+00  0.000E+00  0.000E+00  0.000E+00  0.000E+00  0.000E+00  0.000E+00  0.000E+00  0.000E+00  0.000E+00  0.000E+00  0.000E+00  0.000E+00  0.000E+00  0.000E+00  0.000E+00  0.000E+00  0.000E+00  0.000E+00  0.000E+00  0.000E+00  0.000E+00  0.000E+00
  233.9260  0.000E+00  0.000E+00  0.000E+00  0.000E+00  0.000E+00  0.000E+00  0.000E+00  0.000E+00  0.000E+00  0.000E+00  0.000E+00  0.000E+00  0.000E+00  0.000E+00  0.000E+00  0.000E+00  0.000E+00  0.000E+00  0.000E+00  0.000E+00  0.000E+00  0.000E+00  0.000E+00  0.000E+00
  236.6945  0.000E+00  0.000E+00  0.000E+00  0.000E+00  0.000E+00  0.000E+00  0.000E+00  0.000E+00  0.000E+00  0.000E+00  0.000E+00  0.000E+00  0.000E+00  0.000E+00  0.000E+00  0.000E+00  0.000E+00  0.000E+00  0.000E+00  0.000E+00  0.000E+00  0.000E+00  0.000E+00  0.000E+00
  239.5295  0.000E+00  0.000E+00  0.000E+00  0.000E+00  0.000E+00  0.000E+00  0.000E+00  0.000E+00  0.000E+00  0.000E+00  0.000E+00  0.000E+00  0.000E+00  0.000E+00  0.000E+00  0.000E+00  0.000E+00  0.000E+00  0.000E+00  0.000E+00  0.000E+00  0.000E+00  0.000E+00  0.000E+00
  242.4330  0.000E+00  0.000E+00  0.000E+00  0.000E+00  0.000E+00  0.000E+00  0.000E+00  0.000E+00  0.000E+00  0.000E+00  0.000E+00  0.000E+00  0.000E+00  0.000E+00  0.000E+00  0.000E+00  0.000E+00  0.000E+00  0.000E+00  0.000E+00  0.000E+00  0.000E+00  0.000E+00  0.000E+00
  245.4080  0.000E+00  0.000E+00  0.000E+00  0.000E+00  0.000E+00  0.000E+00  0.000E+00  0.000E+00  0.000E+00  0.000E+00  0.000E+00  0.000E+00  0.000E+00  0.000E+00  0.000E+00  0.000E+00  0.000E+00  0.000E+00  0.000E+00  0.000E+00  0.000E+00  0.000E+00  0.000E+00  0.000E+00
  248.4570  0.000E+00  0.000E+00  0.000E+00  0.000E+00  0.000E+00  0.000E+00  0.000E+00  0.000E+00  0.000E+00  0.000E+00  0.000E+00  0.000E+00  0.000E+00  0.000E+00  0.000E+00  0.000E+00  0.000E+00  0.000E+00  0.000E+00  0.000E+00  0.000E+00  0.000E+00  0.000E+00  0.000E+00
  251.5825  0.000E+00  0.000E+00  0.000E+00  0.000E+00  0.000E+00  0.000E+00  0.000E+00  0.000E+00  0.000E+00  0.000E+00  0.000E+00  0.000E+00  0.000E+00  0.000E+00  0.000E+00  0.000E+00  0.000E+00  0.000E+00  0.000E+00  0.000E+00  0.000E+00  0.000E+00  0.000E+00  0.000E+00
  254.7875  0.000E+00  0.000E+00  0.000E+00  0.000E+00  0.000E+00  0.000E+00  0.000E+00  0.000E+00  0.000E+00  0.000E+00  0.000E+00  0.000E+00  0.000E+00  0.000E+00  0.000E+00  0.000E+00  0.000E+00  0.000E+00  0.000E+00  0.000E+00  0.000E+00  0.000E+00  0.000E+00  0.000E+00
  258.0750  0.000E+00  0.000E+00  0.000E+00  0.000E+00  0.000E+00  0.000E+00  0.000E+00  0.000E+00  0.000E+00  0.000E+00  0.000E+00  0.000E+00  0.000E+00  0.000E+00  0.000E+00  0.000E+00  0.000E+00  0.000E+00  0.000E+00  0.000E+00  0.000E+00  0.000E+00  0.000E+00  0.000E+00
  261.4490  0.000E+00  0.000E+00  0.000E+00  0.000E+00  0.000E+00  0.000E+00  0.000E+00  0.000E+00  0.000E+00  0.000E+00  0.000E+00  0.000E+00  0.000E+00  0.000E+00  0.000E+00  0.000E+00  0.000E+00  0.000E+00  0.000E+00  0.000E+00  0.000E+00  0.000E+00  0.000E+00  0.000E+00
  264.9125  0.000E+00  0.000E+00  0.000E+00  0.000E+00  0.000E+00  0.000E+00  0.000E+00  0.000E+00  0.000E+00  0.000E+00  0.000E+00  0.000E+00  0.000E+00  0.000E+00  0.000E+00  0.000E+00  0.000E+00  0.000E+00  0.000E+00  0.000E+00  0.000E+00  0.000E+00  0.000E+00  0.000E+00
  268.4685  0.000E+00  0.000E+00  0.000E+00  0.000E+00  0.000E+00  0.000E+00  0.000E+00  0.000E+00  0.000E+00  0.000E+00  0.000E+00  0.000E+00  0.000E+00  0.000E+00  0.000E+00  0.000E+00  0.000E+00  0.000E+00  0.000E+00  0.000E+00  0.000E+00  0.000E+00  0.000E+00  0.000E+00
  272.1215  0.000E+00  0.000E+00  0.000E+00  0.000E+00  0.000E+00  0.000E+00  0.000E+00  0.000E+00  0.000E+00  0.000E+00  0.000E+00  0.000E+00  0.000E+00  0.000E+00  0.000E+00  0.000E+00  0.000E+00  0.000E+00  0.000E+00  0.000E+00  0.000E+00  0.000E+00  0.000E+00  0.000E+00
  275.8755  0.000E+00  0.000E+00  0.000E+00  0.000E+00  0.000E+00  0.000E+00  0.000E+00  0.000E+00  0.000E+00  0.000E+00  0.000E+00  0.000E+00  0.000E+00  0.000E+00  0.000E+00  0.000E+00  0.000E+00  0.000E+00  0.000E+00  0.000E+00  0.000E+00  0.000E+00  0.000E+00  0.000E+00
  279.7340  0.000E+00  0.000E+00  0.000E+00  0.000E+00  0.000E+00  0.000E+00  0.000E+00  0.000E+00  0.000E+00  0.000E+00  0.000E+00  0.000E+00  0.000E+00  0.000E+00  0.000E+00  0.000E+00  0.000E+00  0.000E+00  0.000E+00  0.000E+00  0.000E+00  0.000E+00  0.000E+00  0.000E+00
  283.7020  0.000E+00  0.000E+00  0.000E+00  0.000E+00  0.000E+00  0.000E+00  0.000E+00  0.000E+00  0.000E+00  0.000E+00  0.000E+00  0.000E+00  0.000E+00  0.000E+00  0.000E+00  0.000E+00  0.000E+00  0.000E+00  0.000E+00  0.000E+00  0.000E+00  0.000E+00  0.000E+00  0.000E+00
  287.7845  0.000E+00  0.000E+00  0.000E+00  0.000E+00  0.000E+00  0.000E+00  0.000E+00  0.000E+00  0.000E+00  0.000E+00  0.000E+00  0.000E+00  0.000E+00  0.000E+00  0.000E+00  0.000E+00  0.000E+00  0.000E+00  0.000E+00  0.000E+00  0.000E+00  0.000E+00  0.000E+00  0.000E+00
  291.9865  5.333E+05  2.472E+05  5.969E+04  1.380E+04  1.558E+04  7.422E+04  2.778E+05  5.735E+05  9.671E+05  1.574E+06  2.672E+06  5.883E+06  2.535E+07  1.080E+08  2.789E+08  4.343E+08  4.238E+08  2.586E+08  9.472E+07  2.139E+07  5.260E+06  2.519E+06  1.494E+06  9.223E+05
  296.3090  8.424E+07  3.763E+07  9.294E+06  2.226E+06  2.505E+06  1.149E+07  4.238E+07  9.121E+07  1.648E+08  2.956E+08  6.650E+08  2.727E+09  1.108E+10  2.973E+10  5.403E+10  7.105E+10  6.998E+10  5.154E+10  2.732E+10  9.741E+09  2.323E+09  5.958E+08  2.776E+08  1.560E+08
  300.5000  1.747E+09  7.273E+08  1.798E+08  4.454E+07  4.998E+07  2.212E+08  8.239E+08  1.913E+09  3.862E+09  9.097E+09  3.656E+10  1.442E+11  3.856E+11  7.315E+11  1.070E+12  1.272E+12  1.260E+12  1.038E+12  6.930E+11  3.540E+11  1.272E+11  3.132E+10  8.173E+09  3.609E+09
  303.0000  9.511E+09  3.695E+09  8.997E+08  2.276E+08  2.549E+08  1.105E+09  4.213E+09  1.052E+10  2.408E+10  8.047E+10  3.463E+11  1.078E+12  2.319E+12  3.793E+12  5.074E+12  5.792E+12  5.750E+12  4.959E+12  3.639E+12  2.171E+12  9.758E+11  3.014E+11  6.960E+10  2.206E+10
  304.0000  1.262E+10  4.786E+09  1.157E+09  2.944E+08  3.295E+08  1.420E+09  5.469E+09  1.402E+10  3.392E+10  1.249E+11  5.208E+11  1.510E+12  3.077E+12  4.854E+12  6.355E+12  7.183E+12  7.135E+12  6.222E+12  4.671E+12  2.895E+12  1.377E+12  4.565E+11  1.076E+11  3.080E+10
  305.0000  2.252E+10  8.197E+09  1.956E+09  5.020E+08  5.612E+08  2.399E+09  9.404E+09  2.517E+10  6.754E+10  2.767E+11  1.072E+12  2.822E+12  5.361E+12  8.078E+12  1.029E+13  1.149E+13  1.142E+13  1.010E+13  7.804E+12  5.074E+12  2.596E+12  9.494E+11  2.381E+11  6.038E+10
  306.0000  2.564E+10  9.035E+09  2.131E+09  5.500E+08  6.148E+08  2.613E+09  1.040E+10  2.881E+10  8.441E+10  3.623E+11  1.318E+12  3.253E+12  5.904E+12  8.635E+12  1.081E+13  1.197E+13  1.190E+13  1.062E+13  8.362E+12  5.609E+12  3.010E+12  1.176E+12  3.123E+11  7.462E+10
  307.0000  4.130E+10  1.392E+10  3.233E+09  8.395E+08  9.377E+08  3.963E+09  1.609E+10  4.677E+10  1.536E+11  6.724E+11  2.259E+12  5.193E+12  8.972E+12  1.272E+13  1.562E+13  1.715E+13  1.706E+13  1.537E+13  1.235E+13  8.561E+12  4.835E+12  2.033E+12  5.829E+11  1.343E+11
  308.0000  6.159E+10  1.969E+10  4.480E+09  1.171E+09  1.307E+09  5.494E+09  2.287E+10  7.049E+10  2.594E+11  1.115E+12  3.448E+12  7.413E+12  1.224E+13  1.686E+13  2.036E+13  2.218E+13  2.207E+13  2.006E+13  1.641E+13  1.173E+13  6.943E+12  3.128E+12  9.735E+11  2.249E+11
  309.0000  7.431E+10  2.289E+10  5.139E+09  1.349E+09  1.505E+09  6.302E+09  2.668E+10  8.570E+10  3.363E+11  1.414E+12  4.159E+12  8.611E+12  1.386E+13  1.877E+13  2.245E+13  2.435E+13  2.424E+13  2.214E+13  1.830E+13  1.331E+13  8.091E+12  3.791E+12  1.240E+12  2.908E+11
  310.0000  1.020E+11  2.869E+10  6.222E+09  1.644E+09  1.832E+09  7.638E+09  3.371E+10  1.198E+11  5.183E+11  2.012E+12  5.373E+12  1.036E+13  1.591E+13  2.092E+13  2.458E+13  2.645E+13  2.635E+13  2.427E+13  2.044E+13  1.534E+13  9.793E+12  4.941E+12  1.787E+12  4.481E+11
  311.0000  2.014E+11  5.412E+10  1.153E+10  3.056E+09  3.403E+09  1.416E+10  6.382E+10  2.385E+11  1.061E+12  3.964E+12  1.015E+13  1.900E+13  2.861E+13  3.714E+13  4.332E+13  4.646E+13  4.628E+13  4.280E+13  3.633E+13  2.763E+13  1.800E+13  9.366E+12  3.536E+12  9.190E+11
  312.0000  2.333E+11  5.793E+10  1.195E+10  3.179E+09  3.538E+09  1.470E+10  6.877E+10  2.794E+11  1.267E+12  4.420E+12  1.064E+13  1.910E+13  2.798E+13  3.569E+13  4.119E+13  4.397E+13  4.381E+13  4.073E+13  3.496E+13  2.708E+13  1.816E+13  9.874E+12  3.969E+12  1.102E+12
  313.0000  3.513E+11  7.996E+10  1.584E+10  4.217E+09  4.691E+09  1.952E+10  9.569E+10  4.249E+11  1.902E+12  6.147E+12  1.391E+13  2.396E+13  3.417E+13  4.285E+13  4.896E+13  5.203E+13  5.185E+13  4.845E+13  4.204E+13  3.315E+13  2.287E+13  1.298E+13  5.555E+12  1.665E+12
  314.0000  4.346E+11  9.540E+10  1.857E+10  4.949E+09  5.501E+09  2.290E+10  1.146E+11  5.273E+11  2.338E+12  7.335E+12  1.622E+13  2.746E+13  3.875E+13  4.824E+13  5.489E+13  5.821E+13  5.802E+13  5.434E+13  4.736E+13  3.762E+13  2.625E+13  1.516E+13  6.653E+12  2.052E+12
  316.0000  7.636E+11  1.475E+11  2.629E+10  6.981E+09  7.750E+09  3.259E+10  1.802E+11  9.288E+11  3.741E+12  1.034E+13  2.086E+13  3.326E+13  4.512E+13  5.481E+13  6.146E+13  6.475E+13  6.456E+13  6.091E+13  5.391E+13  4.396E+13  3.195E+13  1.965E+13  9.480E+12  3.327E+12
  320.0000  1.943E+12  3.540E+11  5.493E+10  1.428E+10  1.583E+10  6.885E+10  4.411E+11  2.328E+12  7.875E+12  1.883E+13  3.441E+13  5.138E+13  6.678E+13  7.891E+13  8.706E+13  9.103E+13  9.080E+13  8.639E+13  7.780E+13  6.529E+13  4.965E+13  3.269E+13  1.748E+13  7.122E+12
  325.0000  4.547E+12  9.228E+11  1.281E+11  3.175E+10  3.520E+10  1.629E+11  1.153E+12  5.313E+12  1.502E+13  3.195E+13  5.397E+13  7.646E+13  9.597E+13  1.109E+14  1.207E+14  1.255E+14  1.252E+14  1.199E+14  1.095E+14  9.411E+13  7.421E+13  5.162E+13  2.995E+13  1.378E+13
  330.0000  7.588E+12  1.724E+12  2.364E+11  5.648E+10  6.269E+10  3.029E+11  2.133E+12  8.741E+12  2.270E+13  4.590E+13  7.471E+13  1.031E+14  1.270E+14  1.450E+14  1.567E+14  1.623E+14  1.620E+14  1.558E+14  1.434E+14  1.247E+14  1.003E+14  7.169E+13  4.322E+13  2.095E+13
  335.0000  8.761E+12  2.179E+12  3.054E+11  7.109E+10  7.900E+10  3.927E+11  2.670E+12  9.999E+12  2.469E+13  4.843E+13  7.688E+13  1.041E+14  1.266E+14  1.433E+14  1.541E+14  1.592E+14  1.589E+14  1.532E+14  1.418E+14  1.245E+14  1.014E+14  7.394E+13  4.573E+13  2.287E+13
  340.0000  1.048E+13  2.713E+12  3.852E+11  8.834E+10  9.828E+10  4.962E+11  3.307E+12  1.192E+13  2.897E+13  5.615E+13  8.792E+13  1.176E+14  1.419E+14  1.597E+14  1.710E+14  1.764E+14  1.761E+14  1.701E+14  1.581E+14  1.396E+14  1.148E+14  8.466E+13  5.310E+13  2.686E+13
  345.0000  1.098E+13  2.897E+12  4.135E+11  9.395E+10  1.046E+11  5.331E+11  3.523E+12  1.247E+13  3.024E+13  5.826E+13  9.027E+13  1.197E+14  1.434E+14  1.606E+14  1.715E+14  1.767E+14  1.764E+14  1.707E+14  1.591E+14  1.412E+14  1.169E+14  8.703E+13  5.514E+13  2.803E+13
  350.0000  1.182E+13  3.104E+12  4.387E+11  9.903E+10  1.103E+11  5.663E+11  3.777E+12  1.344E+13  3.287E+13  6.332E+13  9.743E+13  1.283E+14  1.529E+14  1.706E+14  1.818E+14  1.871E+14  1.868E+14  1.809E+14  1.690E+14  1.506E+14  1.253E+14  9.400E+13  5.996E+13  3.046E+13
  355.0000  1.300E+13  3.424E+12  4.817E+11  1.079E+11  1.202E+11  6.226E+11  4.166E+12  1.478E+13  3.636E+13  6.979E+13  1.065E+14  1.391E+14  1.649E+14  1.833E+14  1.949E+14  2.004E+14  2.001E+14  1.940E+14  1.817E+14  1.625E+14  1.360E+14  1.028E+14  6.613E+13  3.367E+13
  360.0000  1.230E+13  3.234E+12  4.515E+11  1.003E+11  1.118E+11  5.843E+11  3.936E+12  1.399E+13  3.467E+13  6.632E+13  1.004E+14  1.303E+14  1.536E+14  1.702E+14  1.806E+14  1.854E+14  1.852E+14  1.797E+14  1.687E+14  1.515E+14  1.274E+14  9.702E+13  6.289E+13  3.210E+13
  365.0000  1.615E+13  4.238E+12  5.869E+11  1.298E+11  1.446E+11  7.603E+11  5.159E+12  1.839E+13  4.593E+13  8.754E+13  1.315E+14  1.694E+14  1.988E+14  2.195E+14  2.325E+14  2.385E+14  2.382E+14  2.314E+14  2.177E+14  1.961E+14  1.659E+14  1.271E+14  8.307E+13  4.251E+13
  370.0000  1.733E+13  4.530E+12  6.209E+11  1.363E+11  1.521E+11  8.056E+11  5.518E+12  1.974E+13  4.973E+13  9.436E+13  1.406E+14  1.800E+14  2.102E+14  2.314E+14  2.446E+14  2.508E+14  2.504E+14  2.435E+14  2.296E+14  2.075E+14  1.763E+14  1.361E+14  8.961E+13  4.602E+13
  375.0000  1.614E+13  4.203E+12  5.707E+11  1.238E+11  1.381E+11  7.413E+11  5.123E+12  1.841E+13  4.675E+13  8.827E+13  1.305E+14  1.660E+14  1.930E+14  2.119E+14  2.236E+14  2.290E+14  2.287E+14  2.226E+14  2.102E+14  1.906E+14  1.627E+14  1.264E+14  8.390E+13  4.326E+13
  380.0000  1.913E+13  4.962E+12  6.681E+11  1.450E+11  1.618E+11  8.687E+11  6.051E+12  2.185E+13  5.592E+13  1.050E+14  1.540E+14  1.947E+14  2.254E+14  2.468E+14  2.599E+14  2.660E+14  2.657E+14  2.589E+14  2.449E+14  2.227E+14  1.909E+14  1.492E+14  9.987E+13  5.173E+13
  385.0000  1.487E+13  3.841E+12  5.120E+11  1.103E+11  1.231E+11  6.665E+11  4.687E+12  1.701E+13  4.384E+13  8.182E+13  1.190E+14  1.497E+14  1.726E+14  1.884E+14  1.981E+14  2.027E+14  2.024E+14  1.974E+14  1.870E+14  1.705E+14  1.468E+14  1.155E+14  7.789E+13  4.057E+13
  390.0000  2.003E+13  5.148E+12  6.782E+11  1.445E+11  1.615E+11  8.843E+11  6.285E+12  2.294E+13  5.951E+13  1.103E+14  1.593E+14  1.991E+14  2.287E+14  2.491E+14  2.615E+14  2.673E+14  2.670E+14  2.605E+14  2.473E+14  2.261E+14  1.955E+14  1.546E+14  1.051E+14  5.507E+13
  395.0000  1.602E+13  4.099E+12  5.340E+11  1.125E+11  1.257E+11  6.974E+11  5.007E+12  1.838E+13  4.797E+13  8.830E+13  1.265E+14  1.573E+14  1.800E+14  1.955E+14  2.051E+14  2.094E+14  2.092E+14  2.043E+14  1.942E+14  1.780E+14  1.545E+14  1.229E+14  8.420E+13  4.440E+13
  400.0000  3.067E+13  7.810E+12  1.007E+12  2.100E+11  2.349E+11  1.317E+12  9.544E+12  3.524E+13  9.247E+13  1.690E+14  2.404E+14  2.972E+14  3.389E+14  3.673E+14  3.846E+14  3.926E+14  3.922E+14  3.833E+14  3.649E+14  3.352E+14  2.920E+14  2.336E+14  1.613E+14  8.562E+13
  405.0000  3.225E+13  8.170E+12  1.044E+12  2.164E+11  2.420E+11  1.367E+12  9.987E+12  3.711E+13  9.783E+13  1.774E+14  2.505E+14  3.082E+14  3.503E+14  3.788E+14  3.962E+14  4.041E+14  4.037E+14  3.948E+14  3.763E+14  3.465E+14  3.030E+14  2.437E+14  1.695E+14  9.062E+13
  410.0000  3.428E+13  8.635E+12  1.091E+12  2.240E+11  2.507E+11  1.432E+12  1.056E+13  3.952E+13  1.046E+14  1.882E+14  2.639E+14  3.231E+14  3.660E+14  3.950E+14  4.126E+14  4.206E+14  4.202E+14  4.112E+14  3.925E+14  3.622E+14  3.177E+14  2.569E+14  1.799E+14  9.692E+13
  415.0000  3.683E+13  9.228E+12  1.154E+12  2.350E+11  2.632E+11  1.517E+12  1.129E+13  4.253E+13  1.129E+14  2.016E+14  2.807E+14  3.421E+14  3.863E+14  4.161E+14  4.341E+14  4.423E+14  4.419E+14  4.326E+14  4.135E+14  3.824E+14  3.365E+14  2.734E+14  1.929E+14  1.047E+14
  420.0000  3.832E+13  9.543E+12  1.182E+12  2.384E+11  2.672E+11  1.556E+12  1.168E+13  4.433E+13  1.180E+14  2.090E+14  2.891E+14  3.507E+14  3.948E+14  4.244E+14  4.423E+14  4.505E+14  4.500E+14  4.409E+14  4.219E+14  3.909E+14  3.451E+14  2.817E+14  2.001E+14  1.095E+14
  425.0000  3.767E+13  9.313E+12  1.141E+12  2.284E+11  2.561E+11  1.505E+12  1.140E+13  4.366E+13  1.165E+14  2.047E+14  2.813E+14  3.398E+14  3.815E+14  4.094E+14  4.262E+14  4.339E+14  4.334E+14  4.248E+14  4.070E+14  3.778E+14  3.345E+14  2.742E+14  1.961E+14  1.081E+14
  430.0000  3.584E+13  8.804E+12  1.069E+12  2.114E+11  2.372E+11  1.412E+12  1.078E+13  4.161E+13  1.111E+14  1.937E+14  2.644E+14  3.181E+14  3.561E+14  3.815E+14  3.968E+14  4.038E+14  4.034E+14  3.956E+14  3.793E+14  3.527E+14  3.132E+14  2.580E+14  1.857E+14  1.032E+14
  435.0000  4.286E+13  1.045E+13  1.257E+12  2.467E+11  2.769E+11  1.663E+12  1.280E+13  4.985E+13  1.332E+14  2.303E+14  3.126E+14  3.745E+14  4.182E+14  4.473E+14  4.648E+14  4.727E+14  4.723E+14  4.634E+14  4.448E+14  4.143E+14  3.689E+14  3.051E+14  2.210E+14  1.238E+14
  440.0000  4.534E+13  1.095E+13  1.302E+12  2.532E+11  2.843E+11  1.726E+12  1.341E+13  5.283E+13  1.412E+14  2.424E+14  3.271E+14  3.904E+14  4.350E+14  4.646E+14  4.823E+14  4.903E+14  4.899E+14  4.809E+14  4.620E+14  4.310E+14  3.847E+14  3.194E+14  2.328E+14  1.314E+14
  445.0000  5.013E+13  1.200E+13  1.413E+12  2.722E+11  3.059E+11  1.877E+12  1.470E+13  5.850E+13  1.563E+14  2.663E+14  3.573E+14  4.249E+14  4.724E+14  5.037E+14  5.225E+14  5.310E+14  5.306E+14  5.210E+14  5.010E+14  4.682E+14  4.189E+14  3.491E+14  2.559E+14  1.455E+14
  450.0000  5.492E+13  1.304E+13  1.522E+12  2.900E+11  3.261E+11  2.025E+12  1.597E+13  6.420E+13  1.713E+14  2.896E+14  3.864E+14  4.579E+14  5.078E+14  5.408E+14  5.605E+14  5.695E+14  5.690E+14  5.589E+14  5.380E+14  5.034E+14  4.515E+14  3.776E+14  2.785E+14  1.596E+14
  455.0000  5.531E+13  1.301E+13  1.504E+12  2.835E+11  3.191E+11  2.005E+12  1.594E+13  6.476E+13  1.726E+14  2.895E+14  3.842E+14  4.538E+14  5.023E+14  5.342E+14  5.532E+14  5.618E+14  5.613E+14  5.517E+14  5.314E+14  4.980E+14  4.476E+14  3.757E+14  2.786E+14  1.609E+14
  460.0000  5.813E+13  1.344E+13  1.528E+12  2.850E+11  3.209E+11  2.042E+12  1.649E+13  6.820E+13  1.819E+14  3.033E+14  4.008E+14  4.721E+14  5.216E+14  5.542E+14  5.735E+14  5.823E+14  5.818E+14  5.720E+14  5.514E+14  5.172E+14  4.657E+14  3.920E+14  2.920E+14  1.696E+14
  465.0000  5.924E+13  1.358E+13  1.534E+12  2.832E+11  3.191E+11  2.054E+12  1.665E+13  6.959E+13  1.850E+14  3.061E+14  4.025E+14  4.726E+14  5.211E+14  5.530E+14  5.719E+14  5.805E+14  5.800E+14  5.704E+14  5.502E+14  5.168E+14  4.663E+14  3.939E+14  2.949E+14  1.727E+14
  470.0000  6.059E+13  1.374E+13  1.539E+12  2.811E+11  3.169E+11  2.064E+12  1.685E+13  7.127E+13  1.889E+14  3.104E+14  4.062E+14  4.755E+14  5.234E+14  5.548E+14  5.734E+14  5.818E+14  5.814E+14  5.719E+14  5.521E+14  5.192E+14  4.694E+14  3.976E+14  2.992E+14  1.765E+14
  475.0000  6.290E+13  1.408E+13  1.561E+12  2.821E+11  3.182E+11  2.099E+12  1.727E+13  7.409E+13  1.959E+14  3.198E+14  4.167E+14  4.865E+14  5.346E+14  5.660E+14  5.847E+14  5.931E+14  5.926E+14  5.832E+14  5.633E+14  5.304E+14  4.803E+14  4.080E+14  3.084E+14  1.831E+14
  480.0000  6.549E+13  1.428E+13  1.544E+12  2.755E+11  3.109E+11  2.082E+12  1.756E+13  7.731E+13  2.049E+14  3.332E+14  4.329E+14  5.046E+14  5.539E+14  5.860E+14  6.051E+14  6.137E+14  6.132E+14  6.036E+14  5.833E+14  5.495E+14  4.982E+14  4.241E+14  3.215E+14  1.916E+14
  485.0000  6.102E+13  1.312E+13  1.406E+12  2.479E+11  2.800E+11  1.900E+12  1.614E+13  7.213E+13  1.905E+14  3.079E+14  3.985E+14  4.633E+14  5.077E+14  5.367E+14  5.539E+14  5.616E+14  5.612E+14  5.525E+14  5.342E+14  5.038E+14  4.575E+14  3.904E+14  2.972E+14  1.783E+14
  490.0000  6.550E+13  1.396E+13  1.491E+12  2.600E+11  2.938E+11  2.018E+12  1.716E+13  7.748E+13  2.035E+14  3.266E+14  4.208E+14  4.880E+14  5.339E+14  5.639E+14  5.816E+14  5.896E+14  5.891E+14  5.801E+14  5.613E+14  5.299E+14  4.820E+14  4.125E+14  3.155E+14  1.906E+14
  495.0000  6.832E+13  1.433E+13  1.516E+12  2.610E+11  2.952E+11  2.056E+12  1.763E+13  8.090E+13  2.118E+14  3.380E+14  4.339E+14  5.020E+14  5.486E+14  5.789E+14  5.968E+14  6.048E+14  6.044E+14  5.953E+14  5.763E+14  5.445E+14  4.960E+14  4.254E+14  3.266E+14  1.985E+14
  500.0000  6.579E+13  1.341E+13  1.384E+12  2.350E+11  2.659E+11  1.883E+12  1.654E+13  7.806E+13  2.048E+14  3.257E+14  4.174E+14  4.823E+14  5.266E+14  5.554E+14  5.724E+14  5.801E+14  5.796E+14  5.710E+14  5.529E+14  5.227E+14  4.765E+14  4.093E+14  3.149E+14  1.919E+14
  505.0000  6.699E+13  1.318E+13  1.317E+12  2.204E+11  2.495E+11  1.798E+12  1.631E+13  7.968E+13  2.099E+14  3.335E+14  4.267E+14  4.927E+14  5.378E+14  5.670E+14  5.843E+14  5.921E+14  5.917E+14  5.829E+14  5.645E+14  5.338E+14  4.869E+14  4.185E+14  3.224E+14  1.967E+14
  510.0000  6.847E+13  1.335E+13  1.333E+12  2.204E+11  2.497E+11  1.823E+12  1.651E+13  8.146E+13  2.131E+14  3.364E+14  4.288E+14  4.939E+14  5.383E+14  5.671E+14  5.840E+14  5.917E+14  5.913E+14  5.827E+14  5.646E+14  5.344E+14  4.882E+14  4.206E+14  3.254E+14  1.999E+14
  515.0000  6.501E+13  1.248E+13  1.239E+12  2.022E+11  2.292E+11  1.697E+12  1.545E+13  7.740E+13  2.016E+14  3.164E+14  4.020E+14  4.622E+14  5.032E+14  5.297E+14  5.454E+14  5.524E+14  5.520E+14  5.441E+14  5.274E+14  4.996E+14  4.569E+14  3.945E+14  3.062E+14  1.892E+14
  520.0000  6.795E+13  1.277E+13  1.250E+12  2.012E+11  2.282E+11  1.716E+12  1.582E+13  8.098E+13  2.105E+14  3.291E+14  4.172E+14  4.790E+14  5.210E+14  5.482E+14  5.642E+14  5.714E+14  5.710E+14  5.629E+14  5.459E+14  5.173E+14  4.736E+14  4.095E+14  3.186E+14  1.976E+14
  525.0000  6.847E+13  1.244E+13  1.186E+12  1.881E+11  2.135E+11  1.634E+12  1.547E+13  8.174E+13  2.130E+14  3.326E+14  4.212E+14  4.833E+14  5.254E+14  5.527E+14  5.688E+14  5.761E+14  5.757E+14  5.675E+14  5.504E+14  5.217E+14  4.778E+14  4.134E+14  3.220E+14  2.000E+14
  530.0000  7.178E+13  1.252E+13  1.152E+12  1.799E+11  2.042E+11  1.593E+12  1.563E+13  8.590E+13  2.251E+14  3.517E+14  4.453E+14  5.109E+14  5.555E+14  5.843E+14  6.014E+14  6.091E+14  6.086E+14  6.000E+14  5.819E+14  5.516E+14  5.051E+14  4.371E+14  3.405E+14  2.114E+14
  535.0000  7.049E+13  1.200E+13  1.088E+12  1.673E+11  1.901E+11  1.508E+12  1.501E+13  8.444E+13  2.210E+14  3.442E+14  4.351E+14  4.987E+14  5.418E+14  5.697E+14  5.862E+14  5.937E+14  5.932E+14  5.849E+14  5.673E+14  5.380E+14  4.931E+14  4.271E+14  3.333E+14  2.076E+14
  540.0000  7.217E+13  1.210E+13  1.093E+12  1.658E+11  1.886E+11  1.517E+12  1.514E+13  8.647E+13  2.251E+14  3.490E+14  4.400E+14  5.035E+14  5.465E+14  5.744E+14  5.908E+14  5.983E+14  5.978E+14  5.895E+14  5.720E+14  5.428E+14  4.979E+14  4.320E+14  3.381E+14  2.116E+14
  545.0000  7.399E+13  1.208E+13  1.074E+12  1.604E+11  1.826E+11  1.494E+12  1.514E+13  8.873E+13  2.308E+14  3.572E+14  4.497E+14  5.141E+14  5.578E+14  5.861E+14  6.028E+14  6.103E+14  6.099E+14  6.015E+14  5.837E+14  5.540E+14  5.085E+14  4.416E+14  3.460E+14  2.170E+14
  550.0000  7.528E+13  1.201E+13  1.057E+12  1.555E+11  1.772E+11  1.473E+12  1.509E+13  9.034E+13  2.345E+14  3.618E+14  4.546E+14  5.193E+14  5.631E+14  5.915E+14  6.082E+14  6.157E+14  6.153E+14  6.069E+14  5.891E+14  5.593E+14  5.136E+14  4.465E+14  3.506E+14  2.205E+14
  555.0000  7.603E+13  1.182E+13  1.028E+12  1.483E+11  1.691E+11  1.437E+12  1.487E+13  9.128E+13  2.361E+14  3.628E+14  4.550E+14  5.190E+14  5.624E+14  5.904E+14  6.069E+14  6.144E+14  6.140E+14  6.056E+14  5.880E+14  5.586E+14  5.134E+14  4.469E+14  3.517E+14  2.221E+14
  560.0000  7.405E+13  1.110E+13  9.428E+11  1.338E+11  1.527E+11  1.321E+12  1.402E+13  8.904E+13  2.310E+14  3.551E+14  4.453E+14  5.080E+14  5.504E+14  5.778E+14  5.940E+14  6.013E+14  6.009E+14  5.927E+14  5.755E+14  5.467E+14  5.024E+14  4.374E+14  3.442E+14  2.173E+14
  565.0000  7.393E+13  1.068E+13  8.837E+11  1.233E+11  1.409E+11  1.241E+12  1.354E+13  8.904E+13  2.319E+14  3.567E+14  4.475E+14  5.105E+14  5.532E+14  5.809E+14  5.972E+14  6.046E+14  6.042E+14  5.959E+14  5.785E+14  5.495E+14  5.050E+14  4.395E+14  3.458E+14  2.182E+14
  570.0000  7.396E+13  1.038E+13  8.461E+11  1.163E+11  1.329E+11  1.191E+12  1.320E+13  8.915E+13  2.323E+14  3.570E+14  4.474E+14  5.103E+14  5.529E+14  5.804E+14  5.967E+14  6.041E+14  6.036E+14  5.954E+14  5.781E+14  5.491E+14  5.048E+14  4.395E+14  3.460E+14  2.186E+14
  575.0000  7.639E+13  1.051E+13  8.530E+11  1.154E+11  1.321E+11  1.202E+12  1.338E+13  9.209E+13  2.392E+14  3.664E+14  4.586E+14  5.226E+14  5.659E+14  5.940E+14  6.105E+14  6.180E+14  6.176E+14  6.092E+14  5.916E+14  5.621E+14  5.170E+14  4.506E+14  3.553E+14  2.251E+14
  580.0000  7.790E+13  1.071E+13  8.842E+11  1.180E+11  1.352E+11  1.246E+12  1.361E+13  9.378E+13  2.408E+14  3.665E+14  4.570E+14  5.197E+14  5.621E+14  5.895E+14  6.057E+14  6.130E+14  6.126E+14  6.044E+14  5.872E+14  5.584E+14  5.142E+14  4.491E+14  3.555E+14  2.268E+14
  585.0000  8.087E+13  1.113E+13  9.362E+11  1.233E+11  1.415E+11  1.318E+12  1.412E+13  9.722E+13  2.466E+14  3.729E+14  4.633E+14  5.258E+14  5.679E+14  5.952E+14  6.112E+14  6.185E+14  6.181E+14  6.100E+14  5.928E+14  5.642E+14  5.203E+14  4.554E+14  3.619E+14  2.325E+14
  590.0000  7.997E+13  1.089E+13  9.223E+11  1.198E+11  1.376E+11  1.298E+12  1.381E+13  9.606E+13  2.419E+14  3.643E+14  4.515E+14  5.117E+14  5.523E+14  5.785E+14  5.940E+14  6.010E+14  6.006E+14  5.927E+14  5.763E+14  5.487E+14  5.064E+14  4.439E+14  3.536E+14  2.283E+14
  595.0000  8.192E+13  1.084E+13  9.064E+11  1.159E+11  1.333E+11  1.278E+12  1.379E+13  9.848E+13  2.482E+14  3.735E+14  4.628E+14  5.244E+14  5.660E+14  5.928E+14  6.087E+14  6.158E+14  6.154E+14  6.074E+14  5.905E+14  5.623E+14  5.190E+14  4.550E+14  3.626E+14  2.341E+14
  600.0000  7.977E+13  1.020E+13  8.370E+11  1.053E+11  1.213E+11  1.182E+12  1.303E+13  9.600E+13  2.427E+14  3.655E+14  4.531E+14  5.136E+14  5.544E+14  5.808E+14  5.963E+14  6.034E+14  6.030E+14  5.951E+14  5.785E+14  5.508E+14  5.082E+14  4.455E+14  3.548E+14  2.289E+14
  605.0000  8.245E+13  1.042E+13  8.596E+11  1.067E+11  1.230E+11  1.214E+12  1.331E+13  9.916E+13  2.491E+14  3.738E+14  4.625E+14  5.236E+14  5.649E+14  5.916E+14  6.073E+14  6.144E+14  6.140E+14  6.060E+14  5.893E+14  5.613E+14  5.183E+14  4.548E+14  3.630E+14  2.351E+14
  610.0000  8.533E+13  1.091E+13  9.302E+11  1.144E+11  1.321E+11  1.311E+12  1.390E+13  1.024E+14  2.530E+14  3.765E+14  4.637E+14  5.236E+14  5.639E+14  5.900E+14  6.054E+14  6.123E+14  6.119E+14  6.042E+14  5.878E+14  5.604E+14  5.183E+14  4.561E+14  3.658E+14  2.391E+14
  615.0000  8.760E+13  1.137E+13  1.007E+12  1.230E+11  1.423E+11  1.415E+12  1.443E+13  1.048E+14  2.545E+14  3.752E+14  4.600E+14  5.179E+14  5.569E+14  5.821E+14  5.969E+14  6.036E+14  6.032E+14  5.957E+14  5.799E+14  5.535E+14  5.129E+14  4.526E+14  3.649E+14  2.408E+14
  620.0000  9.286E+13  1.217E+13  1.113E+12  1.353E+11  1.567E+11  1.560E+12  1.541E+13  1.108E+14  2.651E+14  3.878E+14  4.734E+14  5.318E+14  5.710E+14  5.963E+14  6.112E+14  6.179E+14  6.175E+14  6.100E+14  5.941E+14  5.676E+14  5.267E+14  4.660E+14  3.773E+14  2.511E+14
  625.0000  9.442E+13  1.244E+13  1.168E+12  1.411E+11  1.636E+11  1.634E+12  1.571E+13  1.125E+14  2.655E+14  3.858E+14  4.693E+14  5.261E+14  5.642E+14  5.888E+14  6.032E+14  6.097E+14  6.094E+14  6.021E+14  5.867E+14  5.609E+14  5.211E+14  4.621E+14  3.756E+14  2.517E+14
  630.0000  9.837E+13  1.305E+13  1.261E+12  1.517E+11  1.761E+11  1.759E+12  1.645E+13  1.169E+14  2.723E+14  3.930E+14  4.762E+14  5.327E+14  5.706E+14  5.950E+14  6.093E+14  6.158E+14  6.154E+14  6.082E+14  5.929E+14  5.673E+14  5.278E+14  4.690E+14  3.827E+14  2.584E+14
  635.0000  1.018E+14  1.361E+13  1.357E+12  1.631E+11  1.896E+11  1.889E+12  1.712E+13  1.207E+14  2.772E+14  3.971E+14  4.794E+14  5.351E+14  5.724E+14  5.964E+14  6.105E+14  6.168E+14  6.165E+14  6.093E+14  5.943E+14  5.691E+14  5.302E+14  4.723E+14  3.869E+14  2.633E+14
  640.0000  1.049E+14  1.415E+13  1.457E+12  1.751E+11  2.038E+11  2.022E+12  1.776E+13  1.241E+14  2.809E+14  3.994E+14  4.803E+14  5.350E+14  5.715E+14  5.950E+14  6.088E+14  6.150E+14  6.147E+14  6.077E+14  5.930E+14  5.683E+14  5.302E+14  4.734E+14  3.894E+14  2.671E+14
  644.8000  1.082E+14  1.470E+13  1.557E+12  1.872E+11  2.181E+11  2.156E+12  1.841E+13  1.278E+14  2.856E+14  4.035E+14  4.836E+14  5.376E+14  5.736E+14  5.967E+14  6.103E+14  6.164E+14  6.161E+14  6.092E+14  5.947E+14  5.704E+14  5.328E+14  4.767E+14  3.935E+14  2.718E+14
  651.0500  1.115E+14  1.521E+13  1.662E+12  1.996E+11  2.328E+11  2.293E+12  1.902E+13  1.314E+14  2.894E+14  4.059E+14  4.846E+14  5.375E+14  5.728E+14  5.955E+14  6.088E+14  6.148E+14  6.144E+14  6.077E+14  5.935E+14  5.697E+14  5.329E+14  4.778E+14  3.961E+14  2.757E+14
  660.0000  1.124E+14  1.542E+13  1.762E+12  2.119E+11  2.475E+11  2.421E+12  1.925E+13  1.320E+14  2.849E+14  3.955E+14  4.696E+14  5.193E+14  5.524E+14  5.736E+14  5.861E+14  5.917E+14  5.913E+14  5.851E+14  5.718E+14  5.495E+14  5.150E+14  4.632E+14  3.862E+14  2.718E+14
  670.0000  1.234E+14  1.703E+13  2.046E+12  2.471E+11  2.890E+11  2.796E+12  2.121E+13  1.443E+14  3.044E+14  4.179E+14  4.933E+14  5.437E+14  5.772E+14  5.986E+14  6.112E+14  6.169E+14  6.166E+14  6.102E+14  5.968E+14  5.742E+14  5.393E+14  4.868E+14  4.084E+14  2.908E+14
  680.0000  1.286E+14  1.779E+13  2.232E+12  2.707E+11  3.169E+11  3.036E+12  2.215E+13  1.500E+14  3.100E+14  4.214E+14  4.949E+14  5.438E+14  5.763E+14  5.971E+14  6.093E+14  6.148E+14  6.145E+14  6.084E+14  5.954E+14  5.735E+14  5.396E+14  4.886E+14  4.122E+14  2.966E+14
  690.0000  1.338E+14  1.846E+13  2.402E+12  2.922E+11  3.427E+11  3.255E+12  2.299E+13  1.556E+14  3.159E+14  4.256E+14  4.976E+14  5.454E+14  5.772E+14  5.975E+14  6.094E+14  6.147E+14  6.144E+14  6.084E+14  5.957E+14  5.744E+14  5.413E+14  4.915E+14  4.166E+14  3.026E+14
  700.0000  1.387E+14  1.910E+13  2.579E+12  3.151E+11  3.700E+11  3.480E+12  2.381E+13  1.608E+14  3.208E+14  4.285E+14  4.988E+14  5.453E+14  5.762E+14  5.959E+14  6.075E+14  6.127E+14  6.124E+14  6.066E+14  5.942E+14  5.735E+14  5.413E+14  4.928E+14  4.197E+14  3.076E+14
  710.0000  1.416E+14  1.934E+13  2.683E+12  3.282E+11  3.859E+11  3.607E+12  2.417E+13  1.638E+14  3.221E+14  4.274E+14  4.957E+14  5.409E+14  5.709E+14  5.901E+14  6.013E+14  6.064E+14  6.061E+14  6.004E+14  5.884E+14  5.683E+14  5.370E+14  4.899E+14  4.188E+14  3.093E+14
  720.0000  1.428E+14  1.930E+13  2.741E+12  3.356E+11  3.950E+11  3.674E+12  2.419E+13  1.648E+14  3.198E+14  4.217E+14  4.876E+14  5.311E+14  5.599E+14  5.784E+14  5.892E+14  5.941E+14  5.938E+14  5.883E+14  5.768E+14  5.574E+14  5.273E+14  4.820E+14  4.134E+14  3.073E+14
  730.0000  1.456E+14  1.953E+13  2.845E+12  3.495E+11  4.118E+11  3.800E+12  2.454E+13  1.676E+14  3.209E+14  4.204E+14  4.845E+14  5.267E+14  5.547E+14  5.726E+14  5.832E+14  5.879E+14  5.876E+14  5.823E+14  5.711E+14  5.523E+14  5.230E+14  4.790E+14  4.123E+14  3.086E+14
------------------------------------------------------------
Photolysis rate coefficients, s-1
   1 = O3 -> O2 + O(1D)                                  
   2 = H2O2 -> 2 OH                                      
   3 = NO2 -> NO + O(3P)                                 
   4 = NO3 -> NO + O2                                    
   5 = NO3 -> NO2 + O(3P)                                
   6 = CH2O -> H + HCO                                   
   7 = CH2O -> H2 + CO                                   
values at z =      0.500 km
Columns: time, sza, photo-reactions
time, hrs.  sza, deg.          1          2          3          4          5          6          7
    0.0000     85.517  1.826E-07  2.778E-07  6.610E-04  3.347E-03  2.364E-02  7.900E-07  2.141E-06
    1.0000     89.754  4.341E-08  6.688E-08  1.699E-04  4.386E-04  3.779E-03  1.671E-07  5.141E-07
    2.0000     92.712  7.859E-09  9.526E-09  2.290E-05  3.803E-05  3.452E-04  2.440E-08  7.274E-08
    3.0000     94.196  2.009E-09  2.228E-09  4.985E-06  4.746E-06  5.202E-05  6.055E-09  1.708E-08
    4.0000     94.098  2.236E-09  2.478E-09  5.562E-06  5.475E-06  5.920E-05  6.720E-09  1.899E-08
    5.0000     92.427  9.787E-09  1.222E-08  2.975E-05  5.349E-05  4.783E-04  3.094E-08  9.331E-08
    6.0000     89.299  5.240E-08  8.196E-08  2.073E-04  5.572E-04  4.742E-03  2.069E-07  6.309E-07
    7.0000     84.921  2.142E-07  3.196E-07  7.560E-04  4.013E-03  2.831E-02  9.247E-07  2.460E-06
    8.0000     79.550  7.131E-07  8.515E-07  1.934E-03  9.903E-03  7.304E-02  2.741E-06  6.392E-06
    9.0000     73.475  2.037E-06  1.775E-06  3.645E-03  1.474E-02  1.128E-01  6.229E-06  1.304E-05
   10.0000     67.003  4.754E-06  2.974E-06  5.405E-03  1.816E-02  1.421E-01  1.122E-05  2.138E-05
   11.0000     60.468  8.973E-06  4.230E-06  6.916E-03  2.051E-02  1.625E-01  1.680E-05  2.972E-05
   12.0000     54.257  1.412E-05  5.363E-06  8.085E-03  2.209E-02  1.764E-01  2.206E-05  3.691E-05
   13.0000     48.838  1.922E-05  6.265E-06  8.912E-03  2.311E-02  1.854E-01  2.634E-05  4.240E-05
   14.0000     44.765  2.323E-05  6.879E-06  9.431E-03  2.371E-02  1.907E-01  2.930E-05  4.602E-05
   15.0000     42.605  2.538E-05  7.182E-06  9.675E-03  2.399E-02  1.931E-01  3.077E-05  4.777E-05
   16.0000     42.729  2.525E-05  7.165E-06  9.661E-03  2.397E-02  1.929E-01  3.068E-05  4.767E-05
   17.0000     45.116  2.288E-05  6.828E-06  9.389E-03  2.367E-02  1.903E-01  2.905E-05  4.572E-05
   18.0000     49.357  1.871E-05  6.182E-06  8.840E-03  2.302E-02  1.846E-01  2.594E-05  4.190E-05
   19.0000     54.880  1.357E-05  5.253E-06  7.978E-03  2.195E-02  1.752E-01  2.154E-05  3.622E-05
   20.0000     61.138  8.477E-06  4.102E-06  6.774E-03  2.030E-02  1.607E-01  1.622E-05  2.889E-05
   21.0000     67.673  4.403E-06  2.845E-06  5.232E-03  1.786E-02  1.395E-01  1.066E-05  2.050E-05
   22.0000     74.105  1.849E-06  1.666E-06  3.464E-03  1.432E-02  1.093E-01  5.801E-06  1.227E-05
   23.0000     80.103  6.390E-07  7.832E-07  1.790E-03  9.357E-03  6.870E-02  2.500E-06  5.894E-06
------------------------------------------------------------
