Spectral actinic flux, quanta cm-2 s-1 nm-1
values at z =      0.500 km
Columns: wavelength (nm), times (hrs.) or sza (deg.)
    wc, nm      0.000      1.000      2.000      3.000      4.000      5.000      6.000      7.000      8.000      9.000     10.000     11.000     12.000     13.000     14.000     15.000     16.000     17.000     18.000     19.000     20.000     21.000     22.000     23.000
    sza =      85.327     89.512     92.417     93.849     93.706     91.999     88.848     84.456     79.081     73.011     66.550     60.034     53.851     48.470     44.449     42.352     42.546     44.992     49.275     54.819     61.080     67.602     74.008     79.969
  120.7000  0.000E+00  0.000E+00  0.000E+00  0.000E+00  0.000E+00  0.000E+00  0.000E+00  0.000E+00  0.000E+00  0.000E+00  0.000E+00  0.000E+00  0.000E+00  0.000E+00  0.000E+00  0.000E+00  0.000E+00  0.000E+00  0.000E+00  0.000E+00  0.000E+00  0.000E+00  0.000E+00  0.000E+00
  121.6500  0.000E+00  0.000E+00  0.000E+00  0.000E+00  0.000E+00  0.000E+00  0.000E+00  0.000E+00  0.000E+00  0.000E+00  0.000E+00  0.000E+00  0.000E+00  0.000E+00  0.000E+00  0.000E+00  0.000E+00  0.000E+00  0.000E+00  0.000E+00  0.000E+00  0.000E+00  0.000E+00  0.000E+00
  122.1000  0.000E+00  0.000E+00  0.000E+00  0.000E+00  0.000E+00  0.000E+00  0.000E+00  0.000E+00  0.000E+00  0.000E+00  0.000E+00  0.000E+00  0.000E+00  0.000E+00  0.000E+00  0.000E+00  0.000E+00  0.000E+00  0.000E+00  0.000E+00  0.000E+00  0.000E+00  0.000E+00  0.000E+00
  122.7000  0.000E+00  0.000E+00  0.000E+00  0.000E+00  0.000E+00  0.000E+00  0.000E+00  0.000E+00  0.000E+00  0.000E+00  0.000E+00  0.000E+00  0.000E+00  0.000E+00  0.000E+00  0.000E+00  0.000E+00  0.000E+00  0.000E+00  0.000E+00  0.000E+00  0.000E+00  0.000E+00  0.000E+00
  123.4500  0.000E+00  0.000E+00  0.000E+00  0.000E+00  0.000E+00  0.000E+00  0.000E+00  0.000E+00  0.000E+00  0.000E+00  0.000E+00  0.000E+00  0.000E+00  0.000E+00  0.000E+00  0.000E+00  0.000E+00  0.000E+00  0.000E+00  0.000E+00  0.000E+00  0.000E+00  0.000E+00  0.000E+00
  124.2000  0.000E+00  0.000E+00  0.000E+00  0.000E+00  0.000E+00  0.000E+00  0.000E+00  0.000E+00  0.000E+00  0.000E+00  0.000E+00  0.000E+00  0.000E+00  0.000E+00  0.000E+00  0.000E+00  0.000E+00  0.000E+00  0.000E+00  0.000E+00  0.000E+00  0.000E+00  0.000E+00  0.000E+00
  125.0000  0.000E+00  0.000E+00  0.000E+00  0.000E+00  0.000E+00  0.000E+00  0.000E+00  0.000E+00  0.000E+00  0.000E+00  0.000E+00  0.000E+00  0.000E+00  0.000E+00  0.000E+00  0.000E+00  0.000E+00  0.000E+00  0.000E+00  0.000E+00  0.000E+00  0.000E+00  0.000E+00  0.000E+00
  125.8000  0.000E+00  0.000E+00  0.000E+00  0.000E+00  0.000E+00  0.000E+00  0.000E+00  0.000E+00  0.000E+00  0.000E+00  0.000E+00  0.000E+00  0.000E+00  0.000E+00  0.000E+00  0.000E+00  0.000E+00  0.000E+00  0.000E+00  0.000E+00  0.000E+00  0.000E+00  0.000E+00  0.000E+00
  126.6000  0.000E+00  0.000E+00  0.000E+00  0.000E+00  0.000E+00  0.000E+00  0.000E+00  0.000E+00  0.000E+00  0.000E+00  0.000E+00  0.000E+00  0.000E+00  0.000E+00  0.000E+00  0.000E+00  0.000E+00  0.000E+00  0.000E+00  0.000E+00  0.000E+00  0.000E+00  0.000E+00  0.000E+00
  127.8000  0.000E+00  0.000E+00  0.000E+00  0.000E+00  0.000E+00  0.000E+00  0.000E+00  0.000E+00  0.000E+00  0.000E+00  0.000E+00  0.000E+00  0.000E+00  0.000E+00  0.000E+00  0.000E+00  0.000E+00  0.000E+00  0.000E+00  0.000E+00  0.000E+00  0.000E+00  0.000E+00  0.000E+00
  129.0000  0.000E+00  0.000E+00  0.000E+00  0.000E+00  0.000E+00  0.000E+00  0.000E+00  0.000E+00  0.000E+00  0.000E+00  0.000E+00  0.000E+00  0.000E+00  0.000E+00  0.000E+00  0.000E+00  0.000E+00  0.000E+00  0.000E+00  0.000E+00  0.000E+00  0.000E+00  0.000E+00  0.000E+00
  129.8500  0.000E+00  0.000E+00  0.000E+00  0.000E+00  0.000E+00  0.000E+00  0.000E+00  0.000E+00  0.000E+00  0.000E+00  0.000E+00  0.000E+00  0.000E+00  0.000E+00  0.000E+00  0.000E+00  0.000E+00  0.000E+00  0.000E+00  0.000E+00  0.000E+00  0.000E+00  0.000E+00  0.000E+00
  131.1500  0.000E+00  0.000E+00  0.000E+00  0.000E+00  0.000E+00  0.000E+00  0.000E+00  0.000E+00  0.000E+00  0.000E+00  0.000E+00  0.000E+00  0.000E+00  0.000E+00  0.000E+00  0.000E+00  0.000E+00  0.000E+00  0.000E+00  0.000E+00  0.000E+00  0.000E+00  0.000E+00  0.000E+00
  133.5000  0.000E+00  0.000E+00  0.000E+00  0.000E+00  0.000E+00  0.000E+00  0.000E+00  0.000E+00  0.000E+00  0.000E+00  0.000E+00  0.000E+00  0.000E+00  0.000E+00  0.000E+00  0.000E+00  0.000E+00  0.000E+00  0.000E+00  0.000E+00  0.000E+00  0.000E+00  0.000E+00  0.000E+00
  136.0000  0.000E+00  0.000E+00  0.000E+00  0.000E+00  0.000E+00  0.000E+00  0.000E+00  0.000E+00  0.000E+00  0.000E+00  0.000E+00  0.000E+00  0.000E+00  0.000E+00  0.000E+00  0.000E+00  0.000E+00  0.000E+00  0.000E+00  0.000E+00  0.000E+00  0.000E+00  0.000E+00  0.000E+00
  141.0000  0.000E+00  0.000E+00  0.000E+00  0.000E+00  0.000E+00  0.000E+00  0.000E+00  0.000E+00  0.000E+00  0.000E+00  0.000E+00  0.000E+00  0.000E+00  0.000E+00  0.000E+00  0.000E+00  0.000E+00  0.000E+00  0.000E+00  0.000E+00  0.000E+00  0.000E+00  0.000E+00  0.000E+00
  150.0000  0.000E+00  0.000E+00  0.000E+00  0.000E+00  0.000E+00  0.000E+00  0.000E+00  0.000E+00  0.000E+00  0.000E+00  0.000E+00  0.000E+00  0.000E+00  0.000E+00  0.000E+00  0.000E+00  0.000E+00  0.000E+00  0.000E+00  0.000E+00  0.000E+00  0.000E+00  0.000E+00  0.000E+00
  160.0000  0.000E+00  0.000E+00  0.000E+00  0.000E+00  0.000E+00  0.000E+00  0.000E+00  0.000E+00  0.000E+00  0.000E+00  0.000E+00  0.000E+00  0.000E+00  0.000E+00  0.000E+00  0.000E+00  0.000E+00  0.000E+00  0.000E+00  0.000E+00  0.000E+00  0.000E+00  0.000E+00  0.000E+00
  167.5000  0.000E+00  0.000E+00  0.000E+00  0.000E+00  0.000E+00  0.000E+00  0.000E+00  0.000E+00  0.000E+00  0.000E+00  0.000E+00  0.000E+00  0.000E+00  0.000E+00  0.000E+00  0.000E+00  0.000E+00  0.000E+00  0.000E+00  0.000E+00  0.000E+00  0.000E+00  0.000E+00  0.000E+00
  172.2000  0.000E+00  0.000E+00  0.000E+00  0.000E+00  0.000E+00  0.000E+00  0.000E+00  0.000E+00  0.000E+00  0.000E+00  0.000E+00  0.000E+00  0.000E+00  0.000E+00  0.000E+00  0.000E+00  0.000E+00  0.000E+00  0.000E+00  0.000E+00  0.000E+00  0.000E+00  0.000E+00  0.000E+00
  175.7000  0.000E+00  0.000E+00  0.000E+00  0.000E+00  0.000E+00  0.000E+00  0.000E+00  0.000E+00  0.000E+00  0.000E+00  0.000E+00  0.000E+00  0.000E+00  0.000E+00  0.000E+00  0.000E+00  0.000E+00  0.000E+00  0.000E+00  0.000E+00  0.000E+00  0.000E+00  0.000E+00  0.000E+00
  177.8000  0.000E+00  0.000E+00  0.000E+00  0.000E+00  0.000E+00  0.000E+00  0.000E+00  0.000E+00  0.000E+00  0.000E+00  0.000E+00  0.000E+00  0.000E+00  0.000E+00  0.000E+00  0.000E+00  0.000E+00  0.000E+00  0.000E+00  0.000E+00  0.000E+00  0.000E+00  0.000E+00  0.000E+00
  179.4000  0.000E+00  0.000E+00  0.000E+00  0.000E+00  0.000E+00  0.000E+00  0.000E+00  0.000E+00  0.000E+00  0.000E+00  0.000E+00  0.000E+00  0.000E+00  0.000E+00  0.000E+00  0.000E+00  0.000E+00  0.000E+00  0.000E+00  0.000E+00  0.000E+00  0.000E+00  0.000E+00  0.000E+00
  181.0000  0.000E+00  0.000E+00  0.000E+00  0.000E+00  0.000E+00  0.000E+00  0.000E+00  0.000E+00  0.000E+00  0.000E+00  0.000E+00  0.000E+00  0.000E+00  0.000E+00  0.000E+00  0.000E+00  0.000E+00  0.000E+00  0.000E+00  0.000E+00  0.000E+00  0.000E+00  0.000E+00  0.000E+00
  182.6500  0.000E+00  0.000E+00  0.000E+00  0.000E+00  0.000E+00  0.000E+00  0.000E+00  0.000E+00  0.000E+00  0.000E+00  0.000E+00  0.000E+00  0.000E+00  0.000E+00  0.000E+00  0.000E+00  0.000E+00  0.000E+00  0.000E+00  0.000E+00  0.000E+00  0.000E+00  0.000E+00  0.000E+00
  184.3500  0.000E+00  0.000E+00  0.000E+00  0.000E+00  0.000E+00  0.000E+00  0.000E+00  0.000E+00  0.000E+00  0.000E+00  0.000E+00  0.000E+00  0.000E+00  0.000E+00  0.000E+00  0.000E+00  0.000E+00  0.000E+00  0.000E+00  0.000E+00  0.000E+00  0.000E+00  0.000E+00  0.000E+00
  186.0500  0.000E+00  0.000E+00  0.000E+00  0.000E+00  0.000E+00  0.000E+00  0.000E+00  0.000E+00  0.000E+00  0.000E+00  0.000E+00  0.000E+00  0.000E+00  0.000E+00  0.000E+00  0.000E+00  0.000E+00  0.000E+00  0.000E+00  0.000E+00  0.000E+00  0.000E+00  0.000E+00  0.000E+00
  187.8000  0.000E+00  0.000E+00  0.000E+00  0.000E+00  0.000E+00  0.000E+00  0.000E+00  0.000E+00  0.000E+00  0.000E+00  0.000E+00  0.000E+00  0.000E+00  0.000E+00  0.000E+00  0.000E+00  0.000E+00  0.000E+00  0.000E+00  0.000E+00  0.000E+00  0.000E+00  0.000E+00  0.000E+00
  189.6000  0.000E+00  0.000E+00  0.000E+00  0.000E+00  0.000E+00  0.000E+00  0.000E+00  0.000E+00  0.000E+00  0.000E+00  0.000E+00  0.000E+00  0.000E+00  0.000E+00  0.000E+00  0.000E+00  0.000E+00  0.000E+00  0.000E+00  0.000E+00  0.000E+00  0.000E+00  0.000E+00  0.000E+00
  191.4000  0.000E+00  0.000E+00  0.000E+00  0.000E+00  0.000E+00  0.000E+00  0.000E+00  0.000E+00  0.000E+00  0.000E+00  0.000E+00  0.000E+00  0.000E+00  0.000E+00  0.000E+00  0.000E+00  0.000E+00  0.000E+00  0.000E+00  0.000E+00  0.000E+00  0.000E+00  0.000E+00  0.000E+00
  193.2500  0.000E+00  0.000E+00  0.000E+00  0.000E+00  0.000E+00  0.000E+00  0.000E+00  0.000E+00  0.000E+00  0.000E+00  0.000E+00  0.000E+00  0.000E+00  0.000E+00  0.000E+00  0.000E+00  0.000E+00  0.000E+00  0.000E+00  0.000E+00  0.000E+00  0.000E+00  0.000E+00  0.000E+00
  195.1500  0.000E+00  0.000E+00  0.000E+00  0.000E+00  0.000E+00  0.000E+00  0.000E+00  0.000E+00  0.000E+00  0.000E+00  0.000E+00  0.000E+00  0.000E+00  0.000E+00  0.000E+00  0.000E+00  0.000E+00  0.000E+00  0.000E+00  0.000E+00  0.000E+00  0.000E+00  0.000E+00  0.000E+00
  197.0500  0.000E+00  0.000E+00  0.000E+00  0.000E+00  0.000E+00  0.000E+00  0.000E+00  0.000E+00  0.000E+00  0.000E+00  0.000E+00  0.000E+00  0.000E+00  0.000E+00  0.000E+00  0.000E+00  0.000E+00  0.000E+00  0.000E+00  0.000E+00  0.000E+00  0.000E+00  0.000E+00  0.000E+00
  199.0000  0.000E+00  0.000E+00  0.000E+00  0.000E+00  0.000E+00  0.000E+00  0.000E+00  0.000E+00  0.000E+00  0.000E+00  0.000E+00  0.000E+00  0.000E+00  0.000E+00  0.000E+00  0.000E+00  0.000E+00  0.000E+00  0.000E+00  0.000E+00  0.000E+00  0.000E+00  0.000E+00  0.000E+00
  201.0000  0.000E+00  0.000E+00  0.000E+00  0.000E+00  0.000E+00  0.000E+00  0.000E+00  0.000E+00  0.000E+00  0.000E+00  0.000E+00  0.000E+00  0.000E+00  0.000E+00  0.000E+00  0.000E+00  0.000E+00  0.000E+00  0.000E+00  0.000E+00  0.000E+00  0.000E+00  0.000E+00  0.000E+00
  203.0500  0.000E+00  0.000E+00  0.000E+00  0.000E+00  0.000E+00  0.000E+00  0.000E+00  0.000E+00  0.000E+00  0.000E+00  0.000E+00  0.000E+00  0.000E+00  0.000E+00  0.000E+00  0.000E+00  0.000E+00  0.000E+00  0.000E+00  0.000E+00  0.000E+00  0.000E+00  0.000E+00  0.000E+00
  204.9500  0.000E+00  0.000E+00  0.000E+00  0.000E+00  0.000E+00  0.000E+00  0.000E+00  0.000E+00  0.000E+00  0.000E+00  0.000E+00  0.000E+00  0.000E+00  0.000E+00  0.000E+00  0.000E+00  0.000E+00  0.000E+00  0.000E+00  0.000E+00  0.000E+00  0.000E+00  0.000E+00  0.000E+00
  207.0665  0.000E+00  0.000E+00  0.000E+00  0.000E+00  0.000E+00  0.000E+00  0.000E+00  0.000E+00  0.000E+00  0.000E+00  0.000E+00  0.000E+00  0.000E+00  0.000E+00  0.000E+00  0.000E+00  0.000E+00  0.000E+00  0.000E+00  0.000E+00  0.000E+00  0.000E+00  0.000E+00  0.000E+00
  209.4295  0.000E+00  0.000E+00  0.000E+00  0.000E+00  0.000E+00  0.000E+00  0.000E+00  0.000E+00  0.000E+00  0.000E+00  0.000E+00  0.000E+00  0.000E+00  0.000E+00  0.000E+00  0.000E+00  0.000E+00  0.000E+00  0.000E+00  0.000E+00  0.000E+00  0.000E+00  0.000E+00  0.000E+00
  211.6460  0.000E+00  0.000E+00  0.000E+00  0.000E+00  0.000E+00  0.000E+00  0.000E+00  0.000E+00  0.000E+00  0.000E+00  0.000E+00  0.000E+00  0.000E+00  0.000E+00  0.000E+00  0.000E+00  0.000E+00  0.000E+00  0.000E+00  0.000E+00  0.000E+00  0.000E+00  0.000E+00  0.000E+00
  213.9100  0.000E+00  0.000E+00  0.000E+00  0.000E+00  0.000E+00  0.000E+00  0.000E+00  0.000E+00  0.000E+00  0.000E+00  0.000E+00  0.000E+00  0.000E+00  0.000E+00  0.000E+00  0.000E+00  0.000E+00  0.000E+00  0.000E+00  0.000E+00  0.000E+00  0.000E+00  0.000E+00  0.000E+00
  216.2225  0.000E+00  0.000E+00  0.000E+00  0.000E+00  0.000E+00  0.000E+00  0.000E+00  0.000E+00  0.000E+00  0.000E+00  0.000E+00  0.000E+00  0.000E+00  0.000E+00  0.000E+00  0.000E+00  0.000E+00  0.000E+00  0.000E+00  0.000E+00  0.000E+00  0.000E+00  0.000E+00  0.000E+00
  218.5855  0.000E+00  0.000E+00  0.000E+00  0.000E+00  0.000E+00  0.000E+00  0.000E+00  0.000E+00  0.000E+00  0.000E+00  0.000E+00  0.000E+00  0.000E+00  0.000E+00  0.000E+00  0.000E+00  0.000E+00  0.000E+00  0.000E+00  0.000E+00  0.000E+00  0.000E+00  0.000E+00  0.000E+00
  221.0010  0.000E+00  0.000E+00  0.000E+00  0.000E+00  0.000E+00  0.000E+00  0.000E+00  0.000E+00  0.000E+00  0.000E+00  0.000E+00  0.000E+00  0.000E+00  0.000E+00  0.000E+00  0.000E+00  0.000E+00  0.000E+00  0.000E+00  0.000E+00  0.000E+00  0.000E+00  0.000E+00  0.000E+00
  223.4705  0.000E+00  0.000E+00  0.000E+00  0.000E+00  0.000E+00  0.000E+00  0.000E+00  0.000E+00  0.000E+00  0.000E+00  0.000E+00  0.000E+00  0.000E+00  0.000E+00  0.000E+00  0.000E+00  0.000E+00  0.000E+00  0.000E+00  0.000E+00  0.000E+00  0.000E+00  0.000E+00  0.000E+00
  225.9960  0.000E+00  0.000E+00  0.000E+00  0.000E+00  0.000E+00  0.000E+00  0.000E+00  0.000E+00  0.000E+00  0.000E+00  0.000E+00  0.000E+00  0.000E+00  0.000E+00  0.000E+00  0.000E+00  0.000E+00  0.000E+00  0.000E+00  0.000E+00  0.000E+00  0.000E+00  0.000E+00  0.000E+00
  228.5790  0.000E+00  0.000E+00  0.000E+00  0.000E+00  0.000E+00  0.000E+00  0.000E+00  0.000E+00  0.000E+00  0.000E+00  0.000E+00  0.000E+00  0.000E+00  0.000E+00  0.000E+00  0.000E+00  0.000E+00  0.000E+00  0.000E+00  0.000E+00  0.000E+00  0.000E+00  0.000E+00  0.000E+00
  231.2215  0.000E+00  0.000E+00  0.000E+00  0.000E+00  0.000E+00  0.000E+00  0.000E+00  0.000E+00  0.000E+00  0.000E+00  0.000E+00  0.000E+00  0.000E+00  0.000E+00  0.000E+00  0.000E+00  0.000E+00  0.000E+00  0.000E+00  0.000E+00  0.000E+00  0.000E+00  0.000E+00  0.000E+00
  233.9260  0.000E+00  0.000E+00  0.000E+00  0.000E+00  0.000E+00  0.000E+00  0.000E+00  0.000E+00  0.000E+00  0.000E+00  0.000E+00  0.000E+00  0.000E+00  0.000E+00  0.000E+00  0.000E+00  0.000E+00  0.000E+00  0.000E+00  0.000E+00  0.000E+00  0.000E+00  0.000E+00  0.000E+00
  236.6945  0.000E+00  0.000E+00  0.000E+00  0.000E+00  0.000E+00  0.000E+00  0.000E+00  0.000E+00  0.000E+00  0.000E+00  0.000E+00  0.000E+00  0.000E+00  0.000E+00  0.000E+00  0.000E+00  0.000E+00  0.000E+00  0.000E+00  0.000E+00  0.000E+00  0.000E+00  0.000E+00  0.000E+00
  239.5295  0.000E+00  0.000E+00  0.000E+00  0.000E+00  0.000E+00  0.000E+00  0.000E+00  0.000E+00  0.000E+00  0.000E+00  0.000E+00  0.000E+00  0.000E+00  0.000E+00  0.000E+00  0.000E+00  0.000E+00  0.000E+00  0.000E+00  0.000E+00  0.000E+00  0.000E+00  0.000E+00  0.000E+00
  242.4330  0.000E+00  0.000E+00  0.000E+00  0.000E+00  0.000E+00  0.000E+00  0.000E+00  0.000E+00  0.000E+00  0.000E+00  0.000E+00  0.000E+00  0.000E+00  0.000E+00  0.000E+00  0.000E+00  0.000E+00  0.000E+00  0.000E+00  0.000E+00  0.000E+00  0.000E+00  0.000E+00  0.000E+00
  245.4080  0.000E+00  0.000E+00  0.000E+00  0.000E+00  0.000E+00  0.000E+00  0.000E+00  0.000E+00  0.000E+00  0.000E+00  0.000E+00  0.000E+00  0.000E+00  0.000E+00  0.000E+00  0.000E+00  0.000E+00  0.000E+00  0.000E+00  0.000E+00  0.000E+00  0.000E+00  0.000E+00  0.000E+00
  248.4570  0.000E+00  0.000E+00  0.000E+00  0.000E+00  0.000E+00  0.000E+00  0.000E+00  0.000E+00  0.000E+00  0.000E+00  0.000E+00  0.000E+00  0.000E+00  0.000E+00  0.000E+00  0.000E+00  0.000E+00  0.000E+00  0.000E+00  0.000E+00  0.000E+00  0.000E+00  0.000E+00  0.000E+00
  251.5825  0.000E+00  0.000E+00  0.000E+00  0.000E+00  0.000E+00  0.000E+00  0.000E+00  0.000E+00  0.000E+00  0.000E+00  0.000E+00  0.000E+00  0.000E+00  0.000E+00  0.000E+00  0.000E+00  0.000E+00  0.000E+00  0.000E+00  0.000E+00  0.000E+00  0.000E+00  0.000E+00  0.000E+00
  254.7875  0.000E+00  0.000E+00  0.000E+00  0.000E+00  0.000E+00  0.000E+00  0.000E+00  0.000E+00  0.000E+00  0.000E+00  0.000E+00  0.000E+00  0.000E+00  0.000E+00  0.000E+00  0.000E+00  0.000E+00  0.000E+00  0.000E+00  0.000E+00  0.000E+00  0.000E+00  0.000E+00  0.000E+00
  258.0750  0.000E+00  0.000E+00  0.000E+00  0.000E+00  0.000E+00  0.000E+00  0.000E+00  0.000E+00  0.000E+00  0.000E+00  0.000E+00  0.000E+00  0.000E+00  0.000E+00  0.000E+00  0.000E+00  0.000E+00  0.000E+00  0.000E+00  0.000E+00  0.000E+00  0.000E+00  0.000E+00  0.000E+00
  261.4490  0.000E+00  0.000E+00  0.000E+00  0.000E+00  0.000E+00  0.000E+00  0.000E+00  0.000E+00  0.000E+00  0.000E+00  0.000E+00  0.000E+00  0.000E+00  0.000E+00  0.000E+00  0.000E+00  0.000E+00  0.000E+00  0.000E+00  0.000E+00  0.000E+00  0.000E+00  0.000E+00  0.000E+00
  264.9125  0.000E+00  0.000E+00  0.000E+00  0.000E+00  0.000E+00  0.000E+00  0.000E+00  0.000E+00  0.000E+00  0.000E+00  0.000E+00  0.000E+00  0.000E+00  0.000E+00  0.000E+00  0.000E+00  0.000E+00  0.000E+00  0.000E+00  0.000E+00  0.000E+00  0.000E+00  0.000E+00  0.000E+00
  268.4685  0.000E+00  0.000E+00  0.000E+00  0.000E+00  0.000E+00  0.000E+00  0.000E+00  0.000E+00  0.000E+00  0.000E+00  0.000E+00  0.000E+00  0.000E+00  0.000E+00  0.000E+00  0.000E+00  0.000E+00  0.000E+00  0.000E+00  0.000E+00  0.000E+00  0.000E+00  0.000E+00  0.000E+00
  272.1215  0.000E+00  0.000E+00  0.000E+00  0.000E+00  0.000E+00  0.000E+00  0.000E+00  0.000E+00  0.000E+00  0.000E+00  0.000E+00  0.000E+00  0.000E+00  0.000E+00  0.000E+00  0.000E+00  0.000E+00  0.000E+00  0.000E+00  0.000E+00  0.000E+00  0.000E+00  0.000E+00  0.000E+00
  275.8755  0.000E+00  0.000E+00  0.000E+00  0.000E+00  0.000E+00  0.000E+00  0.000E+00  0.000E+00  0.000E+00  0.000E+00  0.000E+00  0.000E+00  0.000E+00  0.000E+00  0.000E+00  0.000E+00  0.000E+00  0.000E+00  0.000E+00  0.000E+00  0.000E+00  0.000E+00  0.000E+00  0.000E+00
  279.7340  0.000E+00  0.000E+00  0.000E+00  0.000E+00  0.000E+00  0.000E+00  0.000E+00  0.000E+00  0.000E+00  0.000E+00  0.000E+00  0.000E+00  0.000E+00  0.000E+00  0.000E+00  0.000E+00  0.000E+00  0.000E+00  0.000E+00  0.000E+00  0.000E+00  0.000E+00  0.000E+00  0.000E+00
  283.7020  0.000E+00  0.000E+00  0.000E+00  0.000E+00  0.000E+00  0.000E+00  0.000E+00  0.000E+00  0.000E+00  0.000E+00  0.000E+00  0.000E+00  0.000E+00  0.000E+00  0.000E+00  0.000E+00  0.000E+00  0.000E+00  0.000E+00  0.000E+00  0.000E+00  0.000E+00  0.000E+00  0.000E+00
  287.7845  0.000E+00  0.000E+00  0.000E+00  0.000E+00  0.000E+00  0.000E+00  0.000E+00  0.000E+00  0.000E+00  0.000E+00  0.000E+00  0.000E+00  0.000E+00  0.000E+00  0.000E+00  0.000E+00  0.000E+00  0.000E+00  0.000E+00  0.000E+00  0.000E+00  0.000E+00  0.000E+00  0.000E+00
  291.9865  5.458E+05  2.632E+05  7.454E+04  2.081E+04  2.427E+04  9.814E+04  3.085E+05  6.048E+05  1.005E+06  1.630E+06  2.782E+06  6.353E+06  2.831E+07  1.183E+08  2.982E+08  4.558E+08  4.390E+08  2.654E+08  9.665E+07  2.173E+07  5.306E+06  2.533E+06  1.508E+06  9.324E+05
  296.3090  8.639E+07  4.011E+07  1.154E+07  3.321E+06  3.859E+06  1.509E+07  4.718E+07  9.670E+07  1.725E+08  3.094E+08  7.191E+08  3.024E+09  1.202E+10  3.151E+10  5.630E+10  7.318E+10  7.150E+10  5.238E+10  2.767E+10  9.858E+09  2.354E+09  6.021E+08  2.810E+08  1.580E+08
  300.5000  1.798E+09  7.775E+08  2.221E+08  6.586E+07  7.626E+07  2.890E+08  9.234E+08  2.047E+09  4.088E+09  9.882E+09  4.053E+10  1.559E+11  4.069E+11  7.590E+11  1.098E+12  1.296E+12  1.277E+12  1.049E+12  6.985E+11  3.568E+11  1.285E+11  3.181E+10  8.287E+09  3.666E+09
  303.0000  9.821E+09  3.963E+09  1.109E+09  3.344E+08  3.863E+08  1.441E+09  4.753E+09  1.135E+10  2.596E+10  8.960E+10  3.792E+11  1.146E+12  2.417E+12  3.901E+12  5.174E+12  5.873E+12  5.808E+12  4.996E+12  3.661E+12  2.184E+12  9.837E+11  3.057E+11  7.124E+10  2.252E+10
  304.0000  1.305E+10  5.140E+09  1.425E+09  4.318E+08  4.986E+08  1.852E+09  6.187E+09  1.517E+10  3.689E+10  1.394E+11  5.675E+11  1.599E+12  3.197E+12  4.982E+12  6.471E+12  7.276E+12  7.201E+12  6.264E+12  4.697E+12  2.910E+12  1.387E+12  4.627E+11  1.099E+11  3.149E+10
  305.0000  2.333E+10  8.822E+09  2.408E+09  7.339E+08  8.468E+08  3.131E+09  1.068E+10  2.737E+10  7.444E+10  3.082E+11  1.160E+12  2.972E+12  5.548E+12  8.268E+12  1.046E+13  1.162E+13  1.151E+13  1.016E+13  7.842E+12  5.098E+12  2.614E+12  9.613E+11  2.432E+11  6.198E+10
  306.0000  2.660E+10  9.740E+09  2.624E+09  8.027E+08  9.252E+08  3.413E+09  1.185E+10  3.147E+10  9.387E+10  4.029E+11  1.419E+12  3.413E+12  6.094E+12  8.823E+12  1.097E+13  1.210E+13  1.199E+13  1.068E+13  8.400E+12  5.634E+12  3.029E+12  1.190E+12  3.194E+11  7.680E+10
  307.0000  4.295E+10  1.504E+10  3.979E+09  1.223E+09  1.408E+09  5.180E+09  1.841E+10  5.147E+10  1.723E+11  7.434E+11  2.418E+12  5.427E+12  9.237E+12  1.297E+13  1.583E+13  1.732E+13  1.718E+13  1.545E+13  1.240E+13  8.595E+12  4.862E+12  2.055E+12  5.959E+11  1.386E+11
  308.0000  6.426E+10  2.132E+10  5.516E+09  1.701E+09  1.958E+09  7.191E+09  2.630E+10  7.827E+10  2.924E+11  1.226E+12  3.671E+12  7.719E+12  1.257E+13  1.716E+13  2.061E+13  2.238E+13  2.221E+13  2.015E+13  1.647E+13  1.177E+13  6.978E+12  3.159E+12  9.938E+11  2.327E+11
  309.0000  7.772E+10  2.484E+10  6.328E+09  1.956E+09  2.250E+09  8.258E+09  3.079E+10  9.578E+10  3.796E+11  1.551E+12  4.415E+12  8.947E+12  1.422E+13  1.910E+13  2.272E+13  2.456E+13  2.439E+13  2.223E+13  1.836E+13  1.335E+13  8.130E+12  3.827E+12  1.264E+12  3.010E+11
  310.0000  1.073E+11  3.126E+10  7.669E+09  2.376E+09  2.731E+09  1.004E+10  3.922E+10  1.358E+11  5.841E+11  2.187E+12  5.670E+12  1.072E+13  1.628E+13  2.124E+13  2.484E+13  2.665E+13  2.649E+13  2.437E+13  2.051E+13  1.539E+13  9.836E+12  4.982E+12  1.819E+12  4.640E+11
  311.0000  2.124E+11  5.909E+10  1.422E+10  4.409E+09  5.064E+09  1.863E+10  7.456E+10  2.720E+11  1.194E+12  4.301E+12  1.068E+13  1.963E+13  2.924E+13  3.769E+13  4.376E+13  4.679E+13  4.651E+13  4.295E+13  3.644E+13  2.770E+13  1.808E+13  9.442E+12  3.596E+12  9.513E+11
  312.0000  2.469E+11  6.347E+10  1.476E+10  4.576E+09  5.251E+09  1.940E+10  8.090E+10  3.214E+11  1.419E+12  4.772E+12  1.116E+13  1.969E+13  2.855E+13  3.617E+13  4.158E+13  4.426E+13  4.402E+13  4.087E+13  3.505E+13  2.715E+13  1.823E+13  9.948E+12  4.034E+12  1.140E+12
  313.0000  3.731E+11  8.799E+10  1.960E+10  6.062E+09  6.953E+09  2.587E+10  1.135E+11  4.916E+11  2.120E+12  6.597E+12  1.455E+13  2.465E+13  3.482E+13  4.339E+13  4.939E+13  5.234E+13  5.207E+13  4.860E+13  4.214E+13  3.322E+13  2.295E+13  1.307E+13  5.645E+12  1.719E+12
  314.0000  4.621E+11  1.052E+11  2.300E+10  7.104E+09  8.145E+09  3.042E+10  1.364E+11  6.110E+11  2.599E+12  7.865E+12  1.693E+13  2.823E+13  3.945E+13  4.883E+13  5.535E+13  5.855E+13  5.826E+13  5.450E+13  4.746E+13  3.770E+13  2.634E+13  1.526E+13  6.747E+12  2.117E+12
  316.0000  8.131E+11  1.641E+11  3.275E+10  9.983E+09  1.144E+10  4.375E+10  2.182E+11  1.075E+12  4.113E+12  1.098E+13  2.167E+13  3.408E+13  4.585E+13  5.540E+13  6.191E+13  6.508E+13  6.479E+13  6.106E+13  5.402E+13  4.404E+13  3.205E+13  1.976E+13  9.603E+12  3.422E+12
  320.0000  2.060E+12  3.980E+11  6.920E+10  2.037E+10  2.336E+10  9.417E+10  5.440E+11  2.659E+12  8.541E+12  1.984E+13  3.555E+13  5.246E+13  6.769E+13  7.963E+13  8.760E+13  9.142E+13  9.107E+13  8.657E+13  7.793E+13  6.540E+13  4.977E+13  3.285E+13  1.767E+13  7.296E+12
  325.0000  4.782E+12  1.040E+12  1.638E+11  4.543E+10  5.226E+10  2.278E+11  1.419E+12  5.951E+12  1.610E+13  3.342E+13  5.552E+13  7.784E+13  9.710E+13  1.117E+14  1.213E+14  1.259E+14  1.255E+14  1.201E+14  1.097E+14  9.423E+13  7.436E+13  5.183E+13  3.024E+13  1.406E+13
  330.0000  7.942E+12  1.933E+12  3.046E+11  8.129E+10  9.382E+10  4.272E+11  2.597E+12  9.689E+12  2.423E+13  4.786E+13  7.669E+13  1.048E+14  1.284E+14  1.460E+14  1.575E+14  1.628E+14  1.624E+14  1.560E+14  1.435E+14  1.249E+14  1.004E+14  7.196E+13  4.360E+13  2.136E+13
  335.0000  9.142E+12  2.430E+12  3.949E+11  1.029E+11  1.191E+11  5.553E+11  3.215E+12  1.101E+13  2.628E+13  5.041E+13  7.880E+13  1.057E+14  1.279E+14  1.442E+14  1.547E+14  1.597E+14  1.592E+14  1.534E+14  1.420E+14  1.246E+14  1.016E+14  7.420E+13  4.611E+13  2.329E+13
  340.0000  1.092E+13  3.018E+12  4.989E+11  1.283E+11  1.488E+11  7.021E+11  3.963E+12  1.309E+13  3.081E+13  5.838E+13  9.003E+13  1.194E+14  1.432E+14  1.606E+14  1.718E+14  1.769E+14  1.765E+14  1.703E+14  1.582E+14  1.398E+14  1.149E+14  8.496E+13  5.353E+13  2.734E+13
  345.0000  1.144E+13  3.218E+12  5.361E+11  1.368E+11  1.587E+11  7.548E+11  4.212E+12  1.369E+13  3.214E+13  6.053E+13  9.238E+13  1.214E+14  1.447E+14  1.615E+14  1.722E+14  1.772E+14  1.767E+14  1.709E+14  1.592E+14  1.413E+14  1.170E+14  8.732E+13  5.558E+13  2.854E+13
  350.0000  1.232E+13  3.449E+12  5.695E+11  1.444E+11  1.676E+11  8.031E+11  4.519E+12  1.476E+13  3.497E+13  6.576E+13  9.966E+13  1.301E+14  1.542E+14  1.716E+14  1.825E+14  1.876E+14  1.871E+14  1.811E+14  1.692E+14  1.507E+14  1.255E+14  9.430E+13  6.043E+13  3.101E+13
  355.0000  1.355E+13  3.805E+12  6.261E+11  1.576E+11  1.832E+11  8.841E+11  4.982E+12  1.624E+13  3.868E+13  7.244E+13  1.088E+14  1.410E+14  1.663E+14  1.843E+14  1.956E+14  2.009E+14  2.004E+14  1.942E+14  1.818E+14  1.627E+14  1.362E+14  1.031E+14  6.665E+13  3.429E+13
  360.0000  1.282E+13  3.595E+12  5.876E+11  1.468E+11  1.707E+11  8.310E+11  4.708E+12  1.538E+13  3.689E+13  6.881E+13  1.026E+14  1.320E+14  1.548E+14  1.711E+14  1.812E+14  1.859E+14  1.854E+14  1.799E+14  1.688E+14  1.516E+14  1.276E+14  9.731E+13  6.338E+13  3.269E+13
  365.0000  1.684E+13  4.711E+12  7.646E+11  1.899E+11  2.210E+11  1.083E+12  6.173E+12  2.023E+13  4.888E+13  9.076E+13  1.342E+14  1.716E+14  2.004E+14  2.206E+14  2.332E+14  2.391E+14  2.385E+14  2.316E+14  2.178E+14  1.962E+14  1.661E+14  1.275E+14  8.371E+13  4.330E+13
  370.0000  1.807E+13  5.037E+12  8.102E+11  2.001E+11  2.329E+11  1.150E+12  6.605E+12  2.174E+13  5.292E+13  9.778E+13  1.435E+14  1.822E+14  2.118E+14  2.325E+14  2.454E+14  2.513E+14  2.508E+14  2.438E+14  2.297E+14  2.076E+14  1.765E+14  1.364E+14  9.028E+13  4.687E+13
  375.0000  1.683E+13  4.675E+12  7.455E+11  1.823E+11  2.126E+11  1.060E+12  6.134E+12  2.029E+13  4.975E+13  9.142E+13  1.331E+14  1.680E+14  1.945E+14  2.129E+14  2.242E+14  2.295E+14  2.290E+14  2.228E+14  2.103E+14  1.907E+14  1.629E+14  1.267E+14  8.452E+13  4.406E+13
  380.0000  1.996E+13  5.521E+12  8.737E+11  2.134E+11  2.486E+11  1.244E+12  7.249E+12  2.411E+13  5.950E+13  1.087E+14  1.570E+14  1.970E+14  2.271E+14  2.479E+14  2.607E+14  2.666E+14  2.660E+14  2.591E+14  2.450E+14  2.228E+14  1.911E+14  1.497E+14  1.006E+14  5.270E+13
  385.0000  1.553E+13  4.275E+12  6.704E+11  1.625E+11  1.895E+11  9.561E+11  5.616E+12  1.879E+13  4.665E+13  8.463E+13  1.213E+14  1.514E+14  1.738E+14  1.892E+14  1.987E+14  2.030E+14  2.026E+14  1.975E+14  1.871E+14  1.706E+14  1.470E+14  1.158E+14  7.844E+13  4.133E+13
  390.0000  2.092E+13  5.732E+12  8.895E+11  2.132E+11  2.489E+11  1.272E+12  7.534E+12  2.537E+13  6.330E+13  1.141E+14  1.623E+14  2.013E+14  2.303E+14  2.501E+14  2.623E+14  2.678E+14  2.673E+14  2.607E+14  2.474E+14  2.262E+14  1.957E+14  1.550E+14  1.059E+14  5.610E+13
  395.0000  1.674E+13  4.565E+12  7.016E+11  1.664E+11  1.945E+11  1.005E+12  6.003E+12  2.035E+13  5.100E+13  9.123E+13  1.288E+14  1.590E+14  1.812E+14  1.964E+14  2.056E+14  2.098E+14  2.094E+14  2.044E+14  1.943E+14  1.781E+14  1.546E+14  1.232E+14  8.478E+13  4.523E+13
  400.0000  3.207E+13  8.701E+12  1.325E+12  3.119E+11  3.648E+11  1.903E+12  1.145E+13  3.907E+13  9.829E+13  1.745E+14  2.446E+14  3.003E+14  3.411E+14  3.688E+14  3.856E+14  3.933E+14  3.926E+14  3.835E+14  3.650E+14  3.353E+14  2.923E+14  2.342E+14  1.624E+14  8.721E+13
  405.0000  3.373E+13  9.103E+12  1.375E+12  3.216E+11  3.766E+11  1.979E+12  1.198E+13  4.120E+13  1.039E+14  1.831E+14  2.549E+14  3.114E+14  3.524E+14  3.803E+14  3.971E+14  4.048E+14  4.041E+14  3.950E+14  3.765E+14  3.467E+14  3.032E+14  2.443E+14  1.706E+14  9.229E+13
  410.0000  3.587E+13  9.625E+12  1.440E+12  3.337E+11  3.911E+11  2.078E+12  1.267E+13  4.392E+13  1.111E+14  1.941E+14  2.684E+14  3.263E+14  3.682E+14  3.965E+14  4.135E+14  4.213E+14  4.206E+14  4.114E+14  3.926E+14  3.623E+14  3.180E+14  2.574E+14  1.811E+14  9.871E+13
  415.0000  3.857E+13  1.029E+13  1.526E+12  3.506E+11  4.113E+11  2.207E+12  1.355E+13  4.733E+13  1.199E+14  2.078E+14  2.854E+14  3.454E+14  3.885E+14  4.176E+14  4.351E+14  4.430E+14  4.423E+14  4.329E+14  4.136E+14  3.825E+14  3.368E+14  2.740E+14  1.941E+14  1.066E+14
  420.0000  4.015E+13  1.064E+13  1.565E+12  3.566E+11  4.187E+11  2.268E+12  1.402E+13  4.940E+13  1.252E+14  2.153E+14  2.937E+14  3.539E+14  3.970E+14  4.259E+14  4.433E+14  4.511E+14  4.504E+14  4.411E+14  4.220E+14  3.910E+14  3.453E+14  2.823E+14  2.014E+14  1.115E+14
  425.0000  3.950E+13  1.039E+13  1.515E+12  3.423E+11  4.021E+11  2.200E+12  1.369E+13  4.871E+13  1.235E+14  2.107E+14  2.857E+14  3.428E+14  3.836E+14  4.107E+14  4.271E+14  4.344E+14  4.338E+14  4.250E+14  4.071E+14  3.779E+14  3.347E+14  2.748E+14  1.974E+14  1.101E+14
  430.0000  3.759E+13  9.819E+12  1.421E+12  3.175E+11  3.736E+11  2.068E+12  1.294E+13  4.647E+13  1.177E+14  1.993E+14  2.685E+14  3.209E+14  3.580E+14  3.828E+14  3.976E+14  4.043E+14  4.037E+14  3.957E+14  3.794E+14  3.529E+14  3.134E+14  2.585E+14  1.868E+14  1.050E+14
  435.0000  4.499E+13  1.166E+13  1.673E+12  3.712E+11  4.370E+11  2.442E+12  1.536E+13  5.573E+13  1.410E+14  2.369E+14  3.173E+14  3.777E+14  4.204E+14  4.487E+14  4.657E+14  4.733E+14  4.726E+14  4.636E+14  4.449E+14  4.144E+14  3.691E+14  3.057E+14  2.223E+14  1.260E+14
  440.0000  4.762E+13  1.222E+13  1.737E+12  3.818E+11  4.499E+11  2.542E+12  1.611E+13  5.913E+13  1.495E+14  2.492E+14  3.319E+14  3.937E+14  4.372E+14  4.660E+14  4.832E+14  4.909E+14  4.902E+14  4.811E+14  4.621E+14  4.312E+14  3.850E+14  3.200E+14  2.341E+14  1.337E+14
  445.0000  5.268E+13  1.339E+13  1.889E+12  4.111E+11  4.849E+11  2.771E+12  1.766E+13  6.555E+13  1.654E+14  2.736E+14  3.625E+14  4.284E+14  4.747E+14  5.053E+14  5.235E+14  5.316E+14  5.309E+14  5.212E+14  5.011E+14  4.683E+14  4.191E+14  3.497E+14  2.574E+14  1.480E+14
  450.0000  5.775E+13  1.455E+13  2.038E+12  4.392E+11  5.185E+11  2.997E+12  1.919E+13  7.200E+13  1.811E+14  2.973E+14  3.918E+14  4.616E+14  5.103E+14  5.424E+14  5.615E+14  5.701E+14  5.693E+14  5.591E+14  5.381E+14  5.035E+14  4.517E+14  3.783E+14  2.800E+14  1.623E+14
  455.0000  5.819E+13  1.451E+13  2.019E+12  4.306E+11  5.088E+11  2.975E+12  1.914E+13  7.269E+13  1.823E+14  2.971E+14  3.895E+14  4.574E+14  5.046E+14  5.357E+14  5.542E+14  5.624E+14  5.617E+14  5.519E+14  5.315E+14  4.981E+14  4.478E+14  3.763E+14  2.801E+14  1.636E+14
  460.0000  6.120E+13  1.501E+13  2.056E+12  4.336E+11  5.129E+11  3.040E+12  1.983E+13  7.663E+13  1.920E+14  3.112E+14  4.063E+14  4.758E+14  5.240E+14  5.557E+14  5.745E+14  5.829E+14  5.822E+14  5.722E+14  5.515E+14  5.173E+14  4.660E+14  3.927E+14  2.936E+14  1.725E+14
  465.0000  6.240E+13  1.516E+13  2.068E+12  4.318E+11  5.113E+11  3.064E+12  2.003E+13  7.825E+13  1.952E+14  3.139E+14  4.079E+14  4.762E+14  5.235E+14  5.545E+14  5.728E+14  5.810E+14  5.803E+14  5.705E+14  5.503E+14  5.169E+14  4.666E+14  3.945E+14  2.965E+14  1.755E+14
  470.0000  6.385E+13  1.534E+13  2.078E+12  4.295E+11  5.092E+11  3.087E+12  2.026E+13  8.019E+13  1.992E+14  3.182E+14  4.115E+14  4.791E+14  5.257E+14  5.563E+14  5.743E+14  5.824E+14  5.817E+14  5.721E+14  5.522E+14  5.193E+14  4.696E+14  3.983E+14  3.008E+14  1.794E+14
  475.0000  6.632E+13  1.572E+13  2.113E+12  4.320E+11  5.126E+11  3.147E+12  2.078E+13  8.343E+13  2.064E+14  3.277E+14  4.220E+14  4.900E+14  5.369E+14  5.675E+14  5.856E+14  5.937E+14  5.929E+14  5.833E+14  5.634E+14  5.304E+14  4.805E+14  4.087E+14  3.100E+14  1.861E+14
  480.0000  6.910E+13  1.596E+13  2.097E+12  4.228E+11  5.022E+11  3.137E+12  2.117E+13  8.716E+13  2.159E+14  3.413E+14  4.384E+14  5.082E+14  5.562E+14  5.875E+14  6.060E+14  6.143E+14  6.135E+14  6.037E+14  5.833E+14  5.496E+14  4.985E+14  4.247E+14  3.231E+14  1.947E+14
  485.0000  6.442E+13  1.468E+13  1.914E+12  3.815E+11  4.536E+11  2.870E+12  1.948E+13  8.136E+13  2.006E+14  3.153E+14  4.034E+14  4.665E+14  5.098E+14  5.381E+14  5.547E+14  5.621E+14  5.615E+14  5.526E+14  5.343E+14  5.039E+14  4.577E+14  3.910E+14  2.987E+14  1.811E+14
  490.0000  6.917E+13  1.561E+13  2.032E+12  4.010E+11  4.773E+11  3.053E+12  2.070E+13  8.741E+13  2.142E+14  3.344E+14  4.260E+14  4.914E+14  5.361E+14  5.653E+14  5.824E+14  5.901E+14  5.894E+14  5.803E+14  5.613E+14  5.300E+14  4.822E+14  4.131E+14  3.170E+14  1.936E+14
  495.0000  7.217E+13  1.603E+13  2.071E+12  4.037E+11  4.811E+11  3.118E+12  2.128E+13  9.131E+13  2.228E+14  3.458E+14  4.392E+14  5.055E+14  5.508E+14  5.803E+14  5.976E+14  6.054E+14  6.047E+14  5.955E+14  5.763E+14  5.446E+14  4.962E+14  4.261E+14  3.282E+14  2.016E+14
  500.0000  6.955E+13  1.502E+13  1.897E+12  3.643E+11  4.346E+11  2.868E+12  2.002E+13  8.820E+13  2.153E+14  3.333E+14  4.224E+14  4.855E+14  5.287E+14  5.567E+14  5.732E+14  5.805E+14  5.799E+14  5.711E+14  5.529E+14  5.227E+14  4.767E+14  4.099E+14  3.164E+14  1.949E+14
  505.0000  7.088E+13  1.479E+13  1.811E+12  3.423E+11  4.088E+11  2.753E+12  1.982E+13  9.015E+13  2.207E+14  3.411E+14  4.318E+14  4.960E+14  5.399E+14  5.684E+14  5.851E+14  5.926E+14  5.919E+14  5.830E+14  5.645E+14  5.339E+14  4.871E+14  4.191E+14  3.239E+14  1.998E+14
  510.0000  7.246E+13  1.497E+13  1.837E+12  3.433E+11  4.106E+11  2.796E+12  2.006E+13  9.216E+13  2.239E+14  3.440E+14  4.338E+14  4.972E+14  5.404E+14  5.684E+14  5.848E+14  5.922E+14  5.915E+14  5.828E+14  5.646E+14  5.344E+14  4.884E+14  4.212E+14  3.269E+14  2.030E+14
  515.0000  6.882E+13  1.400E+13  1.710E+12  3.159E+11  3.782E+11  2.608E+12  1.878E+13  8.757E+13  2.117E+14  3.235E+14  4.067E+14  4.653E+14  5.051E+14  5.309E+14  5.461E+14  5.528E+14  5.522E+14  5.442E+14  5.275E+14  4.996E+14  4.571E+14  3.951E+14  3.076E+14  1.921E+14
  520.0000  7.196E+13  1.433E+13  1.729E+12  3.150E+11  3.778E+11  2.644E+12  1.927E+13  9.166E+13  2.209E+14  3.364E+14  4.220E+14  4.821E+14  5.230E+14  5.494E+14  5.650E+14  5.719E+14  5.713E+14  5.630E+14  5.459E+14  5.173E+14  4.737E+14  4.100E+14  3.201E+14  2.006E+14
  525.0000  7.255E+13  1.399E+13  1.647E+12  2.952E+11  3.544E+11  2.529E+12  1.891E+13  9.261E+13  2.235E+14  3.399E+14  4.260E+14  4.864E+14  5.274E+14  5.540E+14  5.696E+14  5.765E+14  5.759E+14  5.676E+14  5.504E+14  5.217E+14  4.780E+14  4.140E+14  3.235E+14  2.031E+14
  530.0000  7.613E+13  1.411E+13  1.605E+12  2.829E+11  3.400E+11  2.479E+12  1.920E+13  9.746E+13  2.363E+14  3.595E+14  4.504E+14  5.142E+14  5.576E+14  5.857E+14  6.022E+14  6.095E+14  6.089E+14  6.001E+14  5.819E+14  5.516E+14  5.053E+14  4.377E+14  3.420E+14  2.146E+14
  535.0000  7.479E+13  1.354E+13  1.520E+12  2.639E+11  3.178E+11  2.354E+12  1.848E+13  9.584E+13  2.319E+14  3.517E+14  4.400E+14  5.018E+14  5.438E+14  5.710E+14  5.870E+14  5.941E+14  5.935E+14  5.850E+14  5.674E+14  5.380E+14  4.932E+14  4.277E+14  3.348E+14  2.107E+14
  540.0000  7.658E+13  1.365E+13  1.529E+12  2.624E+11  3.163E+11  2.371E+12  1.866E+13  9.813E+13  2.361E+14  3.566E+14  4.449E+14  5.067E+14  5.486E+14  5.757E+14  5.916E+14  5.987E+14  5.981E+14  5.896E+14  5.720E+14  5.428E+14  4.981E+14  4.326E+14  3.396E+14  2.147E+14
  545.0000  7.854E+13  1.364E+13  1.506E+12  2.547E+11  3.075E+11  2.342E+12  1.872E+13  1.007E+14  2.421E+14  3.649E+14  4.546E+14  5.173E+14  5.599E+14  5.874E+14  6.036E+14  6.107E+14  6.101E+14  6.015E+14  5.837E+14  5.540E+14  5.086E+14  4.421E+14  3.475E+14  2.203E+14
  550.0000  7.993E+13  1.358E+13  1.485E+12  2.477E+11  2.996E+11  2.314E+12  1.869E+13  1.026E+14  2.458E+14  3.695E+14  4.596E+14  5.225E+14  5.652E+14  5.928E+14  6.090E+14  6.162E+14  6.155E+14  6.069E+14  5.891E+14  5.593E+14  5.138E+14  4.471E+14  3.521E+14  2.238E+14
  555.0000  8.074E+13  1.337E+13  1.449E+12  2.373E+11  2.877E+11  2.262E+12  1.847E+13  1.037E+14  2.474E+14  3.704E+14  4.599E+14  5.222E+14  5.644E+14  5.917E+14  6.077E+14  6.148E+14  6.142E+14  6.057E+14  5.880E+14  5.586E+14  5.135E+14  4.475E+14  3.532E+14  2.254E+14
  560.0000  7.868E+13  1.259E+13  1.332E+12  2.148E+11  2.608E+11  2.088E+12  1.750E+13  1.012E+14  2.421E+14  3.626E+14  4.501E+14  5.111E+14  5.524E+14  5.791E+14  5.948E+14  6.018E+14  6.011E+14  5.928E+14  5.755E+14  5.467E+14  5.026E+14  4.380E+14  3.457E+14  2.205E+14
  565.0000  7.860E+13  1.213E+13  1.252E+12  1.986E+11  2.415E+11  1.970E+12  1.698E+13  1.013E+14  2.431E+14  3.643E+14  4.523E+14  5.137E+14  5.552E+14  5.821E+14  5.980E+14  6.050E+14  6.044E+14  5.960E+14  5.785E+14  5.495E+14  5.051E+14  4.401E+14  3.473E+14  2.214E+14
  570.0000  7.866E+13  1.180E+13  1.201E+12  1.879E+11  2.289E+11  1.894E+12  1.661E+13  1.015E+14  2.435E+14  3.644E+14  4.523E+14  5.134E+14  5.548E+14  5.817E+14  5.975E+14  6.045E+14  6.039E+14  5.955E+14  5.781E+14  5.491E+14  5.049E+14  4.401E+14  3.475E+14  2.218E+14
  575.0000  8.125E+13  1.196E+13  1.213E+12  1.873E+11  2.287E+11  1.913E+12  1.688E+13  1.048E+14  2.506E+14  3.741E+14  4.635E+14  5.258E+14  5.679E+14  5.952E+14  6.113E+14  6.184E+14  6.178E+14  6.093E+14  5.916E+14  5.621E+14  5.171E+14  4.511E+14  3.569E+14  2.284E+14
  580.0000  8.282E+13  1.218E+13  1.256E+12  1.925E+11  2.354E+11  1.979E+12  1.718E+13  1.066E+14  2.521E+14  3.740E+14  4.618E+14  5.228E+14  5.641E+14  5.907E+14  6.064E+14  6.134E+14  6.128E+14  6.045E+14  5.872E+14  5.584E+14  5.144E+14  4.497E+14  3.570E+14  2.301E+14
  585.0000  8.594E+13  1.263E+13  1.329E+12  2.022E+11  2.479E+11  2.089E+12  1.780E+13  1.104E+14  2.580E+14  3.804E+14  4.681E+14  5.288E+14  5.699E+14  5.964E+14  6.120E+14  6.189E+14  6.183E+14  6.100E+14  5.928E+14  5.642E+14  5.204E+14  4.560E+14  3.634E+14  2.358E+14
  590.0000  8.496E+13  1.236E+13  1.310E+12  1.974E+11  2.425E+11  2.056E+12  1.745E+13  1.090E+14  2.530E+14  3.715E+14  4.561E+14  5.146E+14  5.542E+14  5.797E+14  5.947E+14  6.013E+14  6.007E+14  5.928E+14  5.763E+14  5.487E+14  5.065E+14  4.444E+14  3.550E+14  2.315E+14
  595.0000  8.706E+13  1.232E+13  1.289E+12  1.918E+11  2.361E+11  2.027E+12  1.750E+13  1.118E+14  2.595E+14  3.809E+14  4.675E+14  5.274E+14  5.679E+14  5.940E+14  6.094E+14  6.162E+14  6.156E+14  6.075E+14  5.905E+14  5.623E+14  5.191E+14  4.556E+14  3.640E+14  2.374E+14
  600.0000  8.481E+13  1.162E+13  1.193E+12  1.750E+11  2.159E+11  1.880E+12  1.662E+13  1.090E+14  2.538E+14  3.728E+14  4.578E+14  5.165E+14  5.562E+14  5.819E+14  5.970E+14  6.038E+14  6.032E+14  5.951E+14  5.785E+14  5.508E+14  5.084E+14  4.460E+14  3.563E+14  2.321E+14
  605.0000  8.764E+13  1.187E+13  1.225E+12  1.782E+11  2.203E+11  1.929E+12  1.701E+13  1.125E+14  2.604E+14  3.812E+14  4.672E+14  5.266E+14  5.668E+14  5.927E+14  6.080E+14  6.148E+14  6.142E+14  6.061E+14  5.893E+14  5.613E+14  5.184E+14  4.553E+14  3.645E+14  2.384E+14
  610.0000  9.063E+13  1.240E+13  1.322E+12  1.922E+11  2.380E+11  2.074E+12  1.774E+13  1.159E+14  2.643E+14  3.837E+14  4.683E+14  5.265E+14  5.658E+14  5.912E+14  6.061E+14  6.127E+14  6.121E+14  6.042E+14  5.878E+14  5.604E+14  5.184E+14  4.566E+14  3.672E+14  2.423E+14
  615.0000  9.296E+13  1.290E+13  1.427E+12  2.078E+11  2.579E+11  2.227E+12  1.839E+13  1.185E+14  2.656E+14  3.823E+14  4.644E+14  5.208E+14  5.587E+14  5.832E+14  5.976E+14  6.040E+14  6.034E+14  5.958E+14  5.799E+14  5.535E+14  5.130E+14  4.531E+14  3.662E+14  2.440E+14
  620.0000  9.847E+13  1.379E+13  1.573E+12  2.297E+11  2.853E+11  2.443E+12  1.961E+13  1.251E+14  2.764E+14  3.950E+14  4.779E+14  5.346E+14  5.728E+14  5.974E+14  6.118E+14  6.182E+14  6.177E+14  6.100E+14  5.941E+14  5.675E+14  5.268E+14  4.665E+14  3.787E+14  2.544E+14
  625.0000  1.001E+14  1.407E+13  1.647E+12  2.406E+11  2.994E+11  2.548E+12  2.000E+13  1.267E+14  2.766E+14  3.928E+14  4.737E+14  5.289E+14  5.659E+14  5.898E+14  6.038E+14  6.101E+14  6.095E+14  6.021E+14  5.866E+14  5.608E+14  5.212E+14  4.626E+14  3.769E+14  2.549E+14
  630.0000  1.042E+14  1.474E+13  1.774E+12  2.600E+11  3.238E+11  2.732E+12  2.092E+13  1.315E+14  2.835E+14  4.000E+14  4.805E+14  5.355E+14  5.723E+14  5.960E+14  6.099E+14  6.161E+14  6.156E+14  6.082E+14  5.928E+14  5.672E+14  5.279E+14  4.695E+14  3.840E+14  2.617E+14
  635.0000  1.077E+14  1.535E+13  1.904E+12  2.805E+11  3.498E+11  2.919E+12  2.177E+13  1.356E+14  2.883E+14  4.040E+14  4.836E+14  5.378E+14  5.741E+14  5.974E+14  6.111E+14  6.171E+14  6.166E+14  6.093E+14  5.943E+14  5.691E+14  5.303E+14  4.727E+14  3.883E+14  2.665E+14
  640.0000  1.109E+14  1.594E+13  2.038E+12  3.022E+11  3.771E+11  3.109E+12  2.257E+13  1.391E+14  2.919E+14  4.062E+14  4.845E+14  5.376E+14  5.732E+14  5.960E+14  6.094E+14  6.153E+14  6.148E+14  6.077E+14  5.929E+14  5.683E+14  5.303E+14  4.738E+14  3.907E+14  2.703E+14
  644.8000  1.144E+14  1.654E+13  2.173E+12  3.240E+11  4.048E+11  3.300E+12  2.341E+13  1.431E+14  2.966E+14  4.102E+14  4.877E+14  5.401E+14  5.752E+14  5.977E+14  6.109E+14  6.167E+14  6.162E+14  6.092E+14  5.947E+14  5.704E+14  5.329E+14  4.771E+14  3.949E+14  2.750E+14
  651.0500  1.178E+14  1.709E+13  2.311E+12  3.469E+11  4.337E+11  3.493E+12  2.420E+13  1.468E+14  3.003E+14  4.126E+14  4.887E+14  5.401E+14  5.744E+14  5.964E+14  6.093E+14  6.150E+14  6.145E+14  6.077E+14  5.935E+14  5.697E+14  5.330E+14  4.783E+14  3.974E+14  2.789E+14
  660.0000  1.186E+14  1.730E+13  2.439E+12  3.702E+11  4.634E+11  3.660E+12  2.452E+13  1.472E+14  2.953E+14  4.017E+14  4.734E+14  5.217E+14  5.538E+14  5.745E+14  5.865E+14  5.919E+14  5.914E+14  5.850E+14  5.717E+14  5.494E+14  5.150E+14  4.636E+14  3.874E+14  2.748E+14
  670.0000  1.300E+14  1.907E+13  2.816E+12  4.336E+11  5.432E+11  4.191E+12  2.708E+13  1.604E+14  3.152E+14  4.242E+14  4.971E+14  5.460E+14  5.786E+14  5.995E+14  6.117E+14  6.171E+14  6.166E+14  6.102E+14  5.967E+14  5.741E+14  5.393E+14  4.872E+14  4.096E+14  2.940E+14
  680.0000  1.354E+14  1.991E+13  3.057E+12  4.770E+11  5.980E+11  4.516E+12  2.835E+13  1.663E+14  3.206E+14  4.276E+14  4.986E+14  5.461E+14  5.777E+14  5.980E+14  6.098E+14  6.150E+14  6.146E+14  6.083E+14  5.953E+14  5.734E+14  5.396E+14  4.890E+14  4.134E+14  2.997E+14
  690.0000  1.407E+14  2.065E+13  3.278E+12  5.173E+11  6.492E+11  4.810E+12  2.955E+13  1.721E+14  3.264E+14  4.317E+14  5.012E+14  5.477E+14  5.785E+14  5.983E+14  6.098E+14  6.149E+14  6.145E+14  6.084E+14  5.956E+14  5.743E+14  5.413E+14  4.918E+14  4.178E+14  3.057E+14
  700.0000  1.457E+14  2.137E+13  3.504E+12  5.601E+11  7.033E+11  5.108E+12  3.073E+13  1.775E+14  3.311E+14  4.345E+14  5.023E+14  5.475E+14  5.775E+14  5.967E+14  6.079E+14  6.129E+14  6.125E+14  6.065E+14  5.941E+14  5.734E+14  5.413E+14  4.931E+14  4.208E+14  3.107E+14
  710.0000  1.487E+14  2.165E+13  3.631E+12  5.859E+11  7.363E+11  5.266E+12  3.134E+13  1.805E+14  3.323E+14  4.332E+14  4.991E+14  5.430E+14  5.722E+14  5.908E+14  6.017E+14  6.065E+14  6.061E+14  6.003E+14  5.883E+14  5.682E+14  5.370E+14  4.902E+14  4.199E+14  3.122E+14
  720.0000  1.498E+14  2.163E+13  3.698E+12  6.017E+11  7.569E+11  5.339E+12  3.156E+13  1.813E+14  3.297E+14  4.273E+14  4.909E+14  5.331E+14  5.611E+14  5.791E+14  5.896E+14  5.942E+14  5.938E+14  5.882E+14  5.767E+14  5.573E+14  5.273E+14  4.823E+14  4.145E+14  3.102E+14
  730.0000  1.526E+14  2.190E+13  3.825E+12  6.288E+11  7.915E+11  5.493E+12  3.220E+13  1.841E+14  3.306E+14  4.259E+14  4.877E+14  5.287E+14  5.559E+14  5.733E+14  5.835E+14  5.880E+14  5.876E+14  5.822E+14  5.710E+14  5.521E+14  5.230E+14  4.793E+14  4.134E+14  3.115E+14
------------------------------------------------------------
Photolysis rate coefficients, s-1
   1 = O3 -> O2 + O(1D)                                  
   2 = H2O2 -> 2 OH                                      
   3 = NO2 -> NO + O(3P)                                 
   4 = NO3 -> NO + O2                                    
   5 = NO3 -> NO2 + O(3P)                                
   6 = CH2O -> H + HCO                                   
   7 = CH2O -> H2 + CO                                   
values at z =      0.500 km
Columns: time, sza, photo-reactions
time, hrs.  sza, deg.          1          2          3          4          5          6          7
    0.0000     85.327  1.922E-07  2.906E-07  6.901E-04  3.554E-03  2.508E-02  8.311E-07  2.239E-06
    1.0000     89.512  4.800E-08  7.459E-08  1.891E-04  4.979E-04  4.268E-03  1.873E-07  5.738E-07
    2.0000     92.417  9.832E-09  1.229E-08  2.992E-05  5.395E-05  4.822E-04  3.111E-08  9.383E-08
    3.0000     93.849  2.901E-09  3.228E-09  7.327E-06  7.947E-06  8.258E-05  8.687E-09  2.471E-08
    4.0000     93.706  3.338E-09  3.736E-09  8.536E-06  9.825E-06  9.973E-05  9.998E-09  2.858E-08
    5.0000     91.999  1.318E-08  1.721E-08  4.257E-05  8.439E-05  7.452E-04  4.301E-08  1.315E-07
    6.0000     88.848  6.256E-08  9.883E-08  2.485E-04  7.085E-04  5.881E-03  2.527E-07  7.617E-07
    7.0000     84.456  2.412E-07  3.544E-07  8.349E-04  4.543E-03  3.210E-02  1.038E-06  2.722E-06
    8.0000     79.081  7.804E-07  9.111E-07  2.058E-03  1.034E-02  7.658E-02  2.955E-06  6.827E-06
    9.0000     73.011  2.182E-06  1.855E-06  3.775E-03  1.502E-02  1.153E-01  6.548E-06  1.361E-05
   10.0000     66.550  4.997E-06  3.059E-06  5.515E-03  1.834E-02  1.436E-01  1.159E-05  2.196E-05
   11.0000     60.034  9.295E-06  4.309E-06  7.001E-03  2.062E-02  1.635E-01  1.717E-05  3.023E-05
   12.0000     53.851  1.448E-05  5.430E-06  8.147E-03  2.216E-02  1.770E-01  2.238E-05  3.732E-05
   13.0000     48.470  1.956E-05  6.319E-06  8.957E-03  2.316E-02  1.858E-01  2.660E-05  4.271E-05
   14.0000     44.449  2.353E-05  6.920E-06  9.462E-03  2.374E-02  1.909E-01  2.950E-05  4.625E-05
   15.0000     42.352  2.561E-05  7.211E-06  9.695E-03  2.400E-02  1.932E-01  3.091E-05  4.794E-05
   16.0000     42.546  2.542E-05  7.185E-06  9.675E-03  2.398E-02  1.930E-01  3.079E-05  4.779E-05
   17.0000     44.992  2.299E-05  6.842E-06  9.398E-03  2.367E-02  1.903E-01  2.912E-05  4.580E-05
   18.0000     49.275  1.878E-05  6.191E-06  8.845E-03  2.302E-02  1.846E-01  2.599E-05  4.195E-05
   19.0000     54.819  1.361E-05  5.261E-06  7.983E-03  2.195E-02  1.752E-01  2.158E-05  3.627E-05
   20.0000     61.080  8.514E-06  4.110E-06  6.782E-03  2.031E-02  1.608E-01  1.626E-05  2.895E-05
   21.0000     67.602  4.437E-06  2.857E-06  5.247E-03  1.788E-02  1.397E-01  1.071E-05  2.058E-05
   22.0000     74.008  1.875E-06  1.682E-06  3.490E-03  1.438E-02  1.098E-01  5.863E-06  1.238E-05
   23.0000     79.969  6.559E-07  7.989E-07  1.824E-03  9.485E-03  6.971E-02  2.555E-06  6.009E-06
------------------------------------------------------------
