Spectral actinic flux, quanta cm-2 s-1 nm-1
values at z =      0.500 km
Columns: wavelength (nm), times (hrs.) or sza (deg.)
    wc, nm      0.000      1.000      2.000      3.000      4.000      5.000      6.000      7.000      8.000      9.000     10.000     11.000     12.000     13.000     14.000     15.000     16.000     17.000     18.000     19.000     20.000     21.000     22.000     23.000
    sza =      85.397     89.599     92.522     93.974     93.851     92.162     89.025     84.645     79.280     73.215     66.759     60.244     54.060     48.673     44.639     42.519     42.682     45.097     49.353     54.877     61.126     67.644     74.052     80.021
  120.7000  0.000E+00  0.000E+00  0.000E+00  0.000E+00  0.000E+00  0.000E+00  0.000E+00  0.000E+00  0.000E+00  0.000E+00  0.000E+00  0.000E+00  0.000E+00  0.000E+00  0.000E+00  0.000E+00  0.000E+00  0.000E+00  0.000E+00  0.000E+00  0.000E+00  0.000E+00  0.000E+00  0.000E+00
  121.6500  0.000E+00  0.000E+00  0.000E+00  0.000E+00  0.000E+00  0.000E+00  0.000E+00  0.000E+00  0.000E+00  0.000E+00  0.000E+00  0.000E+00  0.000E+00  0.000E+00  0.000E+00  0.000E+00  0.000E+00  0.000E+00  0.000E+00  0.000E+00  0.000E+00  0.000E+00  0.000E+00  0.000E+00
  122.1000  0.000E+00  0.000E+00  0.000E+00  0.000E+00  0.000E+00  0.000E+00  0.000E+00  0.000E+00  0.000E+00  0.000E+00  0.000E+00  0.000E+00  0.000E+00  0.000E+00  0.000E+00  0.000E+00  0.000E+00  0.000E+00  0.000E+00  0.000E+00  0.000E+00  0.000E+00  0.000E+00  0.000E+00
  122.7000  0.000E+00  0.000E+00  0.000E+00  0.000E+00  0.000E+00  0.000E+00  0.000E+00  0.000E+00  0.000E+00  0.000E+00  0.000E+00  0.000E+00  0.000E+00  0.000E+00  0.000E+00  0.000E+00  0.000E+00  0.000E+00  0.000E+00  0.000E+00  0.000E+00  0.000E+00  0.000E+00  0.000E+00
  123.4500  0.000E+00  0.000E+00  0.000E+00  0.000E+00  0.000E+00  0.000E+00  0.000E+00  0.000E+00  0.000E+00  0.000E+00  0.000E+00  0.000E+00  0.000E+00  0.000E+00  0.000E+00  0.000E+00  0.000E+00  0.000E+00  0.000E+00  0.000E+00  0.000E+00  0.000E+00  0.000E+00  0.000E+00
  124.2000  0.000E+00  0.000E+00  0.000E+00  0.000E+00  0.000E+00  0.000E+00  0.000E+00  0.000E+00  0.000E+00  0.000E+00  0.000E+00  0.000E+00  0.000E+00  0.000E+00  0.000E+00  0.000E+00  0.000E+00  0.000E+00  0.000E+00  0.000E+00  0.000E+00  0.000E+00  0.000E+00  0.000E+00
  125.0000  0.000E+00  0.000E+00  0.000E+00  0.000E+00  0.000E+00  0.000E+00  0.000E+00  0.000E+00  0.000E+00  0.000E+00  0.000E+00  0.000E+00  0.000E+00  0.000E+00  0.000E+00  0.000E+00  0.000E+00  0.000E+00  0.000E+00  0.000E+00  0.000E+00  0.000E+00  0.000E+00  0.000E+00
  125.8000  0.000E+00  0.000E+00  0.000E+00  0.000E+00  0.000E+00  0.000E+00  0.000E+00  0.000E+00  0.000E+00  0.000E+00  0.000E+00  0.000E+00  0.000E+00  0.000E+00  0.000E+00  0.000E+00  0.000E+00  0.000E+00  0.000E+00  0.000E+00  0.000E+00  0.000E+00  0.000E+00  0.000E+00
  126.6000  0.000E+00  0.000E+00  0.000E+00  0.000E+00  0.000E+00  0.000E+00  0.000E+00  0.000E+00  0.000E+00  0.000E+00  0.000E+00  0.000E+00  0.000E+00  0.000E+00  0.000E+00  0.000E+00  0.000E+00  0.000E+00  0.000E+00  0.000E+00  0.000E+00  0.000E+00  0.000E+00  0.000E+00
  127.8000  0.000E+00  0.000E+00  0.000E+00  0.000E+00  0.000E+00  0.000E+00  0.000E+00  0.000E+00  0.000E+00  0.000E+00  0.000E+00  0.000E+00  0.000E+00  0.000E+00  0.000E+00  0.000E+00  0.000E+00  0.000E+00  0.000E+00  0.000E+00  0.000E+00  0.000E+00  0.000E+00  0.000E+00
  129.0000  0.000E+00  0.000E+00  0.000E+00  0.000E+00  0.000E+00  0.000E+00  0.000E+00  0.000E+00  0.000E+00  0.000E+00  0.000E+00  0.000E+00  0.000E+00  0.000E+00  0.000E+00  0.000E+00  0.000E+00  0.000E+00  0.000E+00  0.000E+00  0.000E+00  0.000E+00  0.000E+00  0.000E+00
  129.8500  0.000E+00  0.000E+00  0.000E+00  0.000E+00  0.000E+00  0.000E+00  0.000E+00  0.000E+00  0.000E+00  0.000E+00  0.000E+00  0.000E+00  0.000E+00  0.000E+00  0.000E+00  0.000E+00  0.000E+00  0.000E+00  0.000E+00  0.000E+00  0.000E+00  0.000E+00  0.000E+00  0.000E+00
  131.1500  0.000E+00  0.000E+00  0.000E+00  0.000E+00  0.000E+00  0.000E+00  0.000E+00  0.000E+00  0.000E+00  0.000E+00  0.000E+00  0.000E+00  0.000E+00  0.000E+00  0.000E+00  0.000E+00  0.000E+00  0.000E+00  0.000E+00  0.000E+00  0.000E+00  0.000E+00  0.000E+00  0.000E+00
  133.5000  0.000E+00  0.000E+00  0.000E+00  0.000E+00  0.000E+00  0.000E+00  0.000E+00  0.000E+00  0.000E+00  0.000E+00  0.000E+00  0.000E+00  0.000E+00  0.000E+00  0.000E+00  0.000E+00  0.000E+00  0.000E+00  0.000E+00  0.000E+00  0.000E+00  0.000E+00  0.000E+00  0.000E+00
  136.0000  0.000E+00  0.000E+00  0.000E+00  0.000E+00  0.000E+00  0.000E+00  0.000E+00  0.000E+00  0.000E+00  0.000E+00  0.000E+00  0.000E+00  0.000E+00  0.000E+00  0.000E+00  0.000E+00  0.000E+00  0.000E+00  0.000E+00  0.000E+00  0.000E+00  0.000E+00  0.000E+00  0.000E+00
  141.0000  0.000E+00  0.000E+00  0.000E+00  0.000E+00  0.000E+00  0.000E+00  0.000E+00  0.000E+00  0.000E+00  0.000E+00  0.000E+00  0.000E+00  0.000E+00  0.000E+00  0.000E+00  0.000E+00  0.000E+00  0.000E+00  0.000E+00  0.000E+00  0.000E+00  0.000E+00  0.000E+00  0.000E+00
  150.0000  0.000E+00  0.000E+00  0.000E+00  0.000E+00  0.000E+00  0.000E+00  0.000E+00  0.000E+00  0.000E+00  0.000E+00  0.000E+00  0.000E+00  0.000E+00  0.000E+00  0.000E+00  0.000E+00  0.000E+00  0.000E+00  0.000E+00  0.000E+00  0.000E+00  0.000E+00  0.000E+00  0.000E+00
  160.0000  0.000E+00  0.000E+00  0.000E+00  0.000E+00  0.000E+00  0.000E+00  0.000E+00  0.000E+00  0.000E+00  0.000E+00  0.000E+00  0.000E+00  0.000E+00  0.000E+00  0.000E+00  0.000E+00  0.000E+00  0.000E+00  0.000E+00  0.000E+00  0.000E+00  0.000E+00  0.000E+00  0.000E+00
  167.5000  0.000E+00  0.000E+00  0.000E+00  0.000E+00  0.000E+00  0.000E+00  0.000E+00  0.000E+00  0.000E+00  0.000E+00  0.000E+00  0.000E+00  0.000E+00  0.000E+00  0.000E+00  0.000E+00  0.000E+00  0.000E+00  0.000E+00  0.000E+00  0.000E+00  0.000E+00  0.000E+00  0.000E+00
  172.2000  0.000E+00  0.000E+00  0.000E+00  0.000E+00  0.000E+00  0.000E+00  0.000E+00  0.000E+00  0.000E+00  0.000E+00  0.000E+00  0.000E+00  0.000E+00  0.000E+00  0.000E+00  0.000E+00  0.000E+00  0.000E+00  0.000E+00  0.000E+00  0.000E+00  0.000E+00  0.000E+00  0.000E+00
  175.7000  0.000E+00  0.000E+00  0.000E+00  0.000E+00  0.000E+00  0.000E+00  0.000E+00  0.000E+00  0.000E+00  0.000E+00  0.000E+00  0.000E+00  0.000E+00  0.000E+00  0.000E+00  0.000E+00  0.000E+00  0.000E+00  0.000E+00  0.000E+00  0.000E+00  0.000E+00  0.000E+00  0.000E+00
  177.8000  0.000E+00  0.000E+00  0.000E+00  0.000E+00  0.000E+00  0.000E+00  0.000E+00  0.000E+00  0.000E+00  0.000E+00  0.000E+00  0.000E+00  0.000E+00  0.000E+00  0.000E+00  0.000E+00  0.000E+00  0.000E+00  0.000E+00  0.000E+00  0.000E+00  0.000E+00  0.000E+00  0.000E+00
  179.4000  0.000E+00  0.000E+00  0.000E+00  0.000E+00  0.000E+00  0.000E+00  0.000E+00  0.000E+00  0.000E+00  0.000E+00  0.000E+00  0.000E+00  0.000E+00  0.000E+00  0.000E+00  0.000E+00  0.000E+00  0.000E+00  0.000E+00  0.000E+00  0.000E+00  0.000E+00  0.000E+00  0.000E+00
  181.0000  0.000E+00  0.000E+00  0.000E+00  0.000E+00  0.000E+00  0.000E+00  0.000E+00  0.000E+00  0.000E+00  0.000E+00  0.000E+00  0.000E+00  0.000E+00  0.000E+00  0.000E+00  0.000E+00  0.000E+00  0.000E+00  0.000E+00  0.000E+00  0.000E+00  0.000E+00  0.000E+00  0.000E+00
  182.6500  0.000E+00  0.000E+00  0.000E+00  0.000E+00  0.000E+00  0.000E+00  0.000E+00  0.000E+00  0.000E+00  0.000E+00  0.000E+00  0.000E+00  0.000E+00  0.000E+00  0.000E+00  0.000E+00  0.000E+00  0.000E+00  0.000E+00  0.000E+00  0.000E+00  0.000E+00  0.000E+00  0.000E+00
  184.3500  0.000E+00  0.000E+00  0.000E+00  0.000E+00  0.000E+00  0.000E+00  0.000E+00  0.000E+00  0.000E+00  0.000E+00  0.000E+00  0.000E+00  0.000E+00  0.000E+00  0.000E+00  0.000E+00  0.000E+00  0.000E+00  0.000E+00  0.000E+00  0.000E+00  0.000E+00  0.000E+00  0.000E+00
  186.0500  0.000E+00  0.000E+00  0.000E+00  0.000E+00  0.000E+00  0.000E+00  0.000E+00  0.000E+00  0.000E+00  0.000E+00  0.000E+00  0.000E+00  0.000E+00  0.000E+00  0.000E+00  0.000E+00  0.000E+00  0.000E+00  0.000E+00  0.000E+00  0.000E+00  0.000E+00  0.000E+00  0.000E+00
  187.8000  0.000E+00  0.000E+00  0.000E+00  0.000E+00  0.000E+00  0.000E+00  0.000E+00  0.000E+00  0.000E+00  0.000E+00  0.000E+00  0.000E+00  0.000E+00  0.000E+00  0.000E+00  0.000E+00  0.000E+00  0.000E+00  0.000E+00  0.000E+00  0.000E+00  0.000E+00  0.000E+00  0.000E+00
  189.6000  0.000E+00  0.000E+00  0.000E+00  0.000E+00  0.000E+00  0.000E+00  0.000E+00  0.000E+00  0.000E+00  0.000E+00  0.000E+00  0.000E+00  0.000E+00  0.000E+00  0.000E+00  0.000E+00  0.000E+00  0.000E+00  0.000E+00  0.000E+00  0.000E+00  0.000E+00  0.000E+00  0.000E+00
  191.4000  0.000E+00  0.000E+00  0.000E+00  0.000E+00  0.000E+00  0.000E+00  0.000E+00  0.000E+00  0.000E+00  0.000E+00  0.000E+00  0.000E+00  0.000E+00  0.000E+00  0.000E+00  0.000E+00  0.000E+00  0.000E+00  0.000E+00  0.000E+00  0.000E+00  0.000E+00  0.000E+00  0.000E+00
  193.2500  0.000E+00  0.000E+00  0.000E+00  0.000E+00  0.000E+00  0.000E+00  0.000E+00  0.000E+00  0.000E+00  0.000E+00  0.000E+00  0.000E+00  0.000E+00  0.000E+00  0.000E+00  0.000E+00  0.000E+00  0.000E+00  0.000E+00  0.000E+00  0.000E+00  0.000E+00  0.000E+00  0.000E+00
  195.1500  0.000E+00  0.000E+00  0.000E+00  0.000E+00  0.000E+00  0.000E+00  0.000E+00  0.000E+00  0.000E+00  0.000E+00  0.000E+00  0.000E+00  0.000E+00  0.000E+00  0.000E+00  0.000E+00  0.000E+00  0.000E+00  0.000E+00  0.000E+00  0.000E+00  0.000E+00  0.000E+00  0.000E+00
  197.0500  0.000E+00  0.000E+00  0.000E+00  0.000E+00  0.000E+00  0.000E+00  0.000E+00  0.000E+00  0.000E+00  0.000E+00  0.000E+00  0.000E+00  0.000E+00  0.000E+00  0.000E+00  0.000E+00  0.000E+00  0.000E+00  0.000E+00  0.000E+00  0.000E+00  0.000E+00  0.000E+00  0.000E+00
  199.0000  0.000E+00  0.000E+00  0.000E+00  0.000E+00  0.000E+00  0.000E+00  0.000E+00  0.000E+00  0.000E+00  0.000E+00  0.000E+00  0.000E+00  0.000E+00  0.000E+00  0.000E+00  0.000E+00  0.000E+00  0.000E+00  0.000E+00  0.000E+00  0.000E+00  0.000E+00  0.000E+00  0.000E+00
  201.0000  0.000E+00  0.000E+00  0.000E+00  0.000E+00  0.000E+00  0.000E+00  0.000E+00  0.000E+00  0.000E+00  0.000E+00  0.000E+00  0.000E+00  0.000E+00  0.000E+00  0.000E+00  0.000E+00  0.000E+00  0.000E+00  0.000E+00  0.000E+00  0.000E+00  0.000E+00  0.000E+00  0.000E+00
  203.0500  0.000E+00  0.000E+00  0.000E+00  0.000E+00  0.000E+00  0.000E+00  0.000E+00  0.000E+00  0.000E+00  0.000E+00  0.000E+00  0.000E+00  0.000E+00  0.000E+00  0.000E+00  0.000E+00  0.000E+00  0.000E+00  0.000E+00  0.000E+00  0.000E+00  0.000E+00  0.000E+00  0.000E+00
  204.9500  0.000E+00  0.000E+00  0.000E+00  0.000E+00  0.000E+00  0.000E+00  0.000E+00  0.000E+00  0.000E+00  0.000E+00  0.000E+00  0.000E+00  0.000E+00  0.000E+00  0.000E+00  0.000E+00  0.000E+00  0.000E+00  0.000E+00  0.000E+00  0.000E+00  0.000E+00  0.000E+00  0.000E+00
  207.0665  0.000E+00  0.000E+00  0.000E+00  0.000E+00  0.000E+00  0.000E+00  0.000E+00  0.000E+00  0.000E+00  0.000E+00  0.000E+00  0.000E+00  0.000E+00  0.000E+00  0.000E+00  0.000E+00  0.000E+00  0.000E+00  0.000E+00  0.000E+00  0.000E+00  0.000E+00  0.000E+00  0.000E+00
  209.4295  0.000E+00  0.000E+00  0.000E+00  0.000E+00  0.000E+00  0.000E+00  0.000E+00  0.000E+00  0.000E+00  0.000E+00  0.000E+00  0.000E+00  0.000E+00  0.000E+00  0.000E+00  0.000E+00  0.000E+00  0.000E+00  0.000E+00  0.000E+00  0.000E+00  0.000E+00  0.000E+00  0.000E+00
  211.6460  0.000E+00  0.000E+00  0.000E+00  0.000E+00  0.000E+00  0.000E+00  0.000E+00  0.000E+00  0.000E+00  0.000E+00  0.000E+00  0.000E+00  0.000E+00  0.000E+00  0.000E+00  0.000E+00  0.000E+00  0.000E+00  0.000E+00  0.000E+00  0.000E+00  0.000E+00  0.000E+00  0.000E+00
  213.9100  0.000E+00  0.000E+00  0.000E+00  0.000E+00  0.000E+00  0.000E+00  0.000E+00  0.000E+00  0.000E+00  0.000E+00  0.000E+00  0.000E+00  0.000E+00  0.000E+00  0.000E+00  0.000E+00  0.000E+00  0.000E+00  0.000E+00  0.000E+00  0.000E+00  0.000E+00  0.000E+00  0.000E+00
  216.2225  0.000E+00  0.000E+00  0.000E+00  0.000E+00  0.000E+00  0.000E+00  0.000E+00  0.000E+00  0.000E+00  0.000E+00  0.000E+00  0.000E+00  0.000E+00  0.000E+00  0.000E+00  0.000E+00  0.000E+00  0.000E+00  0.000E+00  0.000E+00  0.000E+00  0.000E+00  0.000E+00  0.000E+00
  218.5855  0.000E+00  0.000E+00  0.000E+00  0.000E+00  0.000E+00  0.000E+00  0.000E+00  0.000E+00  0.000E+00  0.000E+00  0.000E+00  0.000E+00  0.000E+00  0.000E+00  0.000E+00  0.000E+00  0.000E+00  0.000E+00  0.000E+00  0.000E+00  0.000E+00  0.000E+00  0.000E+00  0.000E+00
  221.0010  0.000E+00  0.000E+00  0.000E+00  0.000E+00  0.000E+00  0.000E+00  0.000E+00  0.000E+00  0.000E+00  0.000E+00  0.000E+00  0.000E+00  0.000E+00  0.000E+00  0.000E+00  0.000E+00  0.000E+00  0.000E+00  0.000E+00  0.000E+00  0.000E+00  0.000E+00  0.000E+00  0.000E+00
  223.4705  0.000E+00  0.000E+00  0.000E+00  0.000E+00  0.000E+00  0.000E+00  0.000E+00  0.000E+00  0.000E+00  0.000E+00  0.000E+00  0.000E+00  0.000E+00  0.000E+00  0.000E+00  0.000E+00  0.000E+00  0.000E+00  0.000E+00  0.000E+00  0.000E+00  0.000E+00  0.000E+00  0.000E+00
  225.9960  0.000E+00  0.000E+00  0.000E+00  0.000E+00  0.000E+00  0.000E+00  0.000E+00  0.000E+00  0.000E+00  0.000E+00  0.000E+00  0.000E+00  0.000E+00  0.000E+00  0.000E+00  0.000E+00  0.000E+00  0.000E+00  0.000E+00  0.000E+00  0.000E+00  0.000E+00  0.000E+00  0.000E+00
  228.5790  0.000E+00  0.000E+00  0.000E+00  0.000E+00  0.000E+00  0.000E+00  0.000E+00  0.000E+00  0.000E+00  0.000E+00  0.000E+00  0.000E+00  0.000E+00  0.000E+00  0.000E+00  0.000E+00  0.000E+00  0.000E+00  0.000E+00  0.000E+00  0.000E+00  0.000E+00  0.000E+00  0.000E+00
  231.2215  0.000E+00  0.000E+00  0.000E+00  0.000E+00  0.000E+00  0.000E+00  0.000E+00  0.000E+00  0.000E+00  0.000E+00  0.000E+00  0.000E+00  0.000E+00  0.000E+00  0.000E+00  0.000E+00  0.000E+00  0.000E+00  0.000E+00  0.000E+00  0.000E+00  0.000E+00  0.000E+00  0.000E+00
  233.9260  0.000E+00  0.000E+00  0.000E+00  0.000E+00  0.000E+00  0.000E+00  0.000E+00  0.000E+00  0.000E+00  0.000E+00  0.000E+00  0.000E+00  0.000E+00  0.000E+00  0.000E+00  0.000E+00  0.000E+00  0.000E+00  0.000E+00  0.000E+00  0.000E+00  0.000E+00  0.000E+00  0.000E+00
  236.6945  0.000E+00  0.000E+00  0.000E+00  0.000E+00  0.000E+00  0.000E+00  0.000E+00  0.000E+00  0.000E+00  0.000E+00  0.000E+00  0.000E+00  0.000E+00  0.000E+00  0.000E+00  0.000E+00  0.000E+00  0.000E+00  0.000E+00  0.000E+00  0.000E+00  0.000E+00  0.000E+00  0.000E+00
  239.5295  0.000E+00  0.000E+00  0.000E+00  0.000E+00  0.000E+00  0.000E+00  0.000E+00  0.000E+00  0.000E+00  0.000E+00  0.000E+00  0.000E+00  0.000E+00  0.000E+00  0.000E+00  0.000E+00  0.000E+00  0.000E+00  0.000E+00  0.000E+00  0.000E+00  0.000E+00  0.000E+00  0.000E+00
  242.4330  0.000E+00  0.000E+00  0.000E+00  0.000E+00  0.000E+00  0.000E+00  0.000E+00  0.000E+00  0.000E+00  0.000E+00  0.000E+00  0.000E+00  0.000E+00  0.000E+00  0.000E+00  0.000E+00  0.000E+00  0.000E+00  0.000E+00  0.000E+00  0.000E+00  0.000E+00  0.000E+00  0.000E+00
  245.4080  0.000E+00  0.000E+00  0.000E+00  0.000E+00  0.000E+00  0.000E+00  0.000E+00  0.000E+00  0.000E+00  0.000E+00  0.000E+00  0.000E+00  0.000E+00  0.000E+00  0.000E+00  0.000E+00  0.000E+00  0.000E+00  0.000E+00  0.000E+00  0.000E+00  0.000E+00  0.000E+00  0.000E+00
  248.4570  0.000E+00  0.000E+00  0.000E+00  0.000E+00  0.000E+00  0.000E+00  0.000E+00  0.000E+00  0.000E+00  0.000E+00  0.000E+00  0.000E+00  0.000E+00  0.000E+00  0.000E+00  0.000E+00  0.000E+00  0.000E+00  0.000E+00  0.000E+00  0.000E+00  0.000E+00  0.000E+00  0.000E+00
  251.5825  0.000E+00  0.000E+00  0.000E+00  0.000E+00  0.000E+00  0.000E+00  0.000E+00  0.000E+00  0.000E+00  0.000E+00  0.000E+00  0.000E+00  0.000E+00  0.000E+00  0.000E+00  0.000E+00  0.000E+00  0.000E+00  0.000E+00  0.000E+00  0.000E+00  0.000E+00  0.000E+00  0.000E+00
  254.7875  0.000E+00  0.000E+00  0.000E+00  0.000E+00  0.000E+00  0.000E+00  0.000E+00  0.000E+00  0.000E+00  0.000E+00  0.000E+00  0.000E+00  0.000E+00  0.000E+00  0.000E+00  0.000E+00  0.000E+00  0.000E+00  0.000E+00  0.000E+00  0.000E+00  0.000E+00  0.000E+00  0.000E+00
  258.0750  0.000E+00  0.000E+00  0.000E+00  0.000E+00  0.000E+00  0.000E+00  0.000E+00  0.000E+00  0.000E+00  0.000E+00  0.000E+00  0.000E+00  0.000E+00  0.000E+00  0.000E+00  0.000E+00  0.000E+00  0.000E+00  0.000E+00  0.000E+00  0.000E+00  0.000E+00  0.000E+00  0.000E+00
  261.4490  0.000E+00  0.000E+00  0.000E+00  0.000E+00  0.000E+00  0.000E+00  0.000E+00  0.000E+00  0.000E+00  0.000E+00  0.000E+00  0.000E+00  0.000E+00  0.000E+00  0.000E+00  0.000E+00  0.000E+00  0.000E+00  0.000E+00  0.000E+00  0.000E+00  0.000E+00  0.000E+00  0.000E+00
  264.9125  0.000E+00  0.000E+00  0.000E+00  0.000E+00  0.000E+00  0.000E+00  0.000E+00  0.000E+00  0.000E+00  0.000E+00  0.000E+00  0.000E+00  0.000E+00  0.000E+00  0.000E+00  0.000E+00  0.000E+00  0.000E+00  0.000E+00  0.000E+00  0.000E+00  0.000E+00  0.000E+00  0.000E+00
  268.4685  0.000E+00  0.000E+00  0.000E+00  0.000E+00  0.000E+00  0.000E+00  0.000E+00  0.000E+00  0.000E+00  0.000E+00  0.000E+00  0.000E+00  0.000E+00  0.000E+00  0.000E+00  0.000E+00  0.000E+00  0.000E+00  0.000E+00  0.000E+00  0.000E+00  0.000E+00  0.000E+00  0.000E+00
  272.1215  0.000E+00  0.000E+00  0.000E+00  0.000E+00  0.000E+00  0.000E+00  0.000E+00  0.000E+00  0.000E+00  0.000E+00  0.000E+00  0.000E+00  0.000E+00  0.000E+00  0.000E+00  0.000E+00  0.000E+00  0.000E+00  0.000E+00  0.000E+00  0.000E+00  0.000E+00  0.000E+00  0.000E+00
  275.8755  0.000E+00  0.000E+00  0.000E+00  0.000E+00  0.000E+00  0.000E+00  0.000E+00  0.000E+00  0.000E+00  0.000E+00  0.000E+00  0.000E+00  0.000E+00  0.000E+00  0.000E+00  0.000E+00  0.000E+00  0.000E+00  0.000E+00  0.000E+00  0.000E+00  0.000E+00  0.000E+00  0.000E+00
  279.7340  0.000E+00  0.000E+00  0.000E+00  0.000E+00  0.000E+00  0.000E+00  0.000E+00  0.000E+00  0.000E+00  0.000E+00  0.000E+00  0.000E+00  0.000E+00  0.000E+00  0.000E+00  0.000E+00  0.000E+00  0.000E+00  0.000E+00  0.000E+00  0.000E+00  0.000E+00  0.000E+00  0.000E+00
  283.7020  0.000E+00  0.000E+00  0.000E+00  0.000E+00  0.000E+00  0.000E+00  0.000E+00  0.000E+00  0.000E+00  0.000E+00  0.000E+00  0.000E+00  0.000E+00  0.000E+00  0.000E+00  0.000E+00  0.000E+00  0.000E+00  0.000E+00  0.000E+00  0.000E+00  0.000E+00  0.000E+00  0.000E+00
  287.7845  0.000E+00  0.000E+00  0.000E+00  0.000E+00  0.000E+00  0.000E+00  0.000E+00  0.000E+00  0.000E+00  0.000E+00  0.000E+00  0.000E+00  0.000E+00  0.000E+00  0.000E+00  0.000E+00  0.000E+00  0.000E+00  0.000E+00  0.000E+00  0.000E+00  0.000E+00  0.000E+00  0.000E+00
  291.9865  5.412E+05  2.575E+05  6.860E+04  1.804E+04  2.077E+04  8.769E+04  2.964E+05  5.920E+05  9.891E+05  1.606E+06  2.731E+06  6.117E+06  2.674E+07  1.125E+08  2.865E+08  4.414E+08  4.276E+08  2.596E+08  9.479E+07  2.139E+07  5.268E+06  2.525E+06  1.503E+06  9.286E+05
  296.3090  8.561E+07  3.922E+07  1.064E+07  2.889E+06  3.315E+06  1.352E+07  4.529E+07  9.446E+07  1.692E+08  3.027E+08  6.933E+08  2.876E+09  1.153E+10  3.052E+10  5.493E+10  7.176E+10  7.036E+10  5.166E+10  2.733E+10  9.742E+09  2.328E+09  5.983E+08  2.790E+08  1.572E+08
  300.5000  1.779E+09  7.595E+08  2.052E+08  5.746E+07  6.575E+07  2.594E+08  8.840E+08  1.992E+09  3.991E+09  9.558E+09  3.865E+10  1.502E+11  3.958E+11  7.438E+11  1.081E+12  1.280E+12  1.264E+12  1.040E+12  6.930E+11  3.540E+11  1.275E+11  3.152E+10  8.223E+09  3.644E+09
  303.0000  9.708E+09  3.867E+09  1.026E+09  2.924E+08  3.338E+08  1.294E+09  4.538E+09  1.101E+10  2.514E+10  8.544E+10  3.637E+11  1.113E+12  2.366E+12  3.841E+12  5.113E+12  5.819E+12  5.764E+12  4.963E+12  3.639E+12  2.171E+12  9.771E+11  3.031E+11  7.042E+10  2.234E+10
  304.0000  1.290E+10  5.012E+09  1.318E+09  3.778E+08  4.311E+08  1.663E+09  5.901E+09  1.469E+10  3.559E+10  1.330E+11  5.456E+11  1.556E+12  3.135E+12  4.911E+12  6.401E+12  7.214E+12  7.150E+12  6.227E+12  4.671E+12  2.894E+12  1.378E+12  4.590E+11  1.089E+11  3.122E+10
  305.0000  2.303E+10  8.596E+09  2.228E+09  6.429E+08  7.327E+08  2.811E+09  1.017E+10  2.646E+10  7.142E+10  2.942E+11  1.119E+12  2.899E+12  5.452E+12  8.163E+12  1.036E+13  1.153E+13  1.144E+13  1.010E+13  7.803E+12  5.073E+12  2.599E+12  9.542E+11  2.412E+11  6.136E+10
  306.0000  2.625E+10  9.485E+09  2.428E+09  7.036E+08  8.013E+08  3.064E+09  1.127E+10  3.037E+10  8.972E+10  3.843E+11  1.372E+12  3.335E+12  5.996E+12  8.719E+12  1.087E+13  1.201E+13  1.192E+13  1.062E+13  8.362E+12  5.609E+12  3.013E+12  1.182E+12  3.163E+11  7.595E+10
  307.0000  4.234E+10  1.463E+10  3.683E+09  1.072E+09  1.220E+09  4.649E+09  1.748E+10  4.951E+10  1.642E+11  7.118E+11  2.344E+12  5.313E+12  9.100E+12  1.283E+13  1.571E+13  1.721E+13  1.709E+13  1.538E+13  1.235E+13  8.560E+12  4.839E+12  2.041E+12  5.897E+11  1.369E+11
  308.0000  6.327E+10  2.073E+10  5.104E+09  1.493E+09  1.698E+09  6.449E+09  2.492E+10  7.501E+10  2.781E+11  1.178E+12  3.567E+12  7.570E+12  1.240E+13  1.699E+13  2.046E+13  2.224E+13  2.211E+13  2.007E+13  1.641E+13  1.173E+13  6.948E+12  3.140E+12  9.847E+11  2.297E+11
  309.0000  7.646E+10  2.413E+10  5.855E+09  1.718E+09  1.953E+09  7.403E+09  2.913E+10  9.154E+10  3.609E+11  1.486E+12  4.296E+12  8.783E+12  1.403E+13  1.892E+13  2.256E+13  2.442E+13  2.428E+13  2.215E+13  1.830E+13  1.331E+13  8.097E+12  3.805E+12  1.254E+12  2.970E+11
  310.0000  1.054E+11  3.033E+10  7.095E+09  2.090E+09  2.372E+09  8.987E+09  3.699E+10  1.291E+11  5.557E+11  2.114E+12  5.532E+12  1.055E+13  1.609E+13  2.107E+13  2.469E+13  2.652E+13  2.638E+13  2.428E+13  2.044E+13  1.534E+13  9.800E+12  4.957E+12  1.804E+12  4.578E+11
  311.0000  2.083E+11  5.728E+10  1.315E+10  3.879E+09  4.402E+09  1.668E+10  7.021E+10  2.578E+11  1.137E+12  4.146E+12  1.044E+13  1.932E+13  2.892E+13  3.739E+13  4.349E+13  4.656E+13  4.633E+13  4.281E+13  3.633E+13  2.762E+13  1.801E+13  9.396E+12  3.565E+12  9.387E+11
  312.0000  2.418E+11  6.145E+10  1.364E+10  4.029E+09  4.569E+09  1.734E+10  7.597E+10  3.037E+11  1.354E+12  4.614E+12  1.092E+13  1.940E+13  2.825E+13  3.591E+13  4.135E+13  4.406E+13  4.386E+13  4.074E+13  3.496E+13  2.707E+13  1.817E+13  9.904E+12  4.004E+12  1.125E+12
  313.0000  3.650E+11  8.506E+10  1.811E+10  5.339E+09  6.051E+09  2.309E+10  1.062E+11  4.634E+11  2.026E+12  6.399E+12  1.426E+13  2.431E+13  3.448E+13  4.309E+13  4.913E+13  5.213E+13  5.190E+13  4.846E+13  4.203E+13  3.314E+13  2.288E+13  1.302E+13  5.606E+12  1.698E+12
  314.0000  4.519E+11  1.016E+11  2.124E+10  6.259E+09  7.091E+09  2.712E+10  1.275E+11  5.757E+11  2.486E+12  7.624E+12  1.660E+13  2.786E+13  3.909E+13  4.850E+13  5.507E+13  5.832E+13  5.808E+13  5.435E+13  4.735E+13  3.761E+13  2.626E+13  1.520E+13  6.710E+12  2.092E+12
  316.0000  7.947E+11  1.580E+11  3.018E+10  8.806E+09  9.965E+09  3.884E+10  2.025E+11  1.014E+12  3.953E+12  1.069E+13  2.129E+13  3.368E+13  4.547E+13  5.507E+13  6.164E+13  6.485E+13  6.461E+13  6.092E+13  5.390E+13  4.395E+13  3.197E+13  1.969E+13  9.547E+12  3.385E+12
  320.0000  2.017E+12  3.818E+11  6.351E+10  1.798E+10  2.034E+10  8.300E+10  5.015E+11  2.521E+12  8.256E+12  1.939E+13  3.503E+13  5.194E+13  6.722E+13  7.923E+13  8.727E+13  9.115E+13  9.086E+13  8.639E+13  7.779E+13  6.528E+13  4.966E+13  3.275E+13  1.758E+13  7.229E+12
  325.0000  4.695E+12  9.968E+11  1.495E+11  4.001E+10  4.535E+10  1.990E+11  1.310E+12  5.687E+12  1.564E+13  3.276E+13  5.481E+13  7.717E+13  9.652E+13  1.113E+14  1.210E+14  1.256E+14  1.252E+14  1.199E+14  1.095E+14  9.409E+13  7.423E+13  5.170E+13  3.011E+13  1.395E+13
  330.0000  7.812E+12  1.856E+12  2.772E+11  7.140E+10  8.113E+10  3.720E+11  2.409E+12  9.299E+12  2.358E+13  4.700E+13  7.578E+13  1.039E+14  1.277E+14  1.455E+14  1.570E+14  1.625E+14  1.621E+14  1.558E+14  1.433E+14  1.247E+14  1.003E+14  7.179E+13  4.343E+13  2.120E+13
  335.0000  9.002E+12  2.339E+12  3.590E+11  9.016E+10  1.027E+11  4.829E+11  2.994E+12  1.059E+13  2.560E+13  4.954E+13  7.792E+13  1.049E+14  1.272E+14  1.437E+14  1.543E+14  1.593E+14  1.590E+14  1.532E+14  1.418E+14  1.245E+14  1.014E+14  7.404E+13  4.594E+13  2.313E+13
  340.0000  1.076E+13  2.907E+12  4.532E+11  1.123E+11  1.281E+11  6.103E+11  3.698E+12  1.261E+13  3.003E+13  5.740E+13  8.906E+13  1.185E+14  1.425E+14  1.601E+14  1.713E+14  1.766E+14  1.762E+14  1.701E+14  1.580E+14  1.396E+14  1.148E+14  8.478E+13  5.333E+13  2.716E+13
  345.0000  1.128E+13  3.101E+12  4.868E+11  1.196E+11  1.365E+11  6.559E+11  3.934E+12  1.319E+13  3.133E+13  5.953E+13  9.141E+13  1.206E+14  1.440E+14  1.610E+14  1.718E+14  1.769E+14  1.765E+14  1.706E+14  1.590E+14  1.411E+14  1.169E+14  8.714E+13  5.538E+13  2.834E+13
  350.0000  1.214E+13  3.324E+12  5.169E+11  1.262E+11  1.441E+11  6.974E+11  4.220E+12  1.421E+13  3.408E+13  6.469E+13  9.864E+13  1.292E+14  1.535E+14  1.710E+14  1.821E+14  1.873E+14  1.869E+14  1.809E+14  1.690E+14  1.506E+14  1.253E+14  9.412E+13  6.022E+13  3.080E+13
  355.0000  1.335E+13  3.666E+12  5.679E+11  1.376E+11  1.573E+11  7.673E+11  4.653E+12  1.564E+13  3.769E+13  7.127E+13  1.078E+14  1.401E+14  1.656E+14  1.838E+14  1.952E+14  2.005E+14  2.001E+14  1.940E+14  1.816E+14  1.625E+14  1.361E+14  1.029E+14  6.641E+13  3.405E+13
  360.0000  1.263E+13  3.463E+12  5.328E+11  1.281E+11  1.465E+11  7.208E+11  4.396E+12  1.480E+13  3.594E+13  6.772E+13  1.016E+14  1.312E+14  1.542E+14  1.706E+14  1.808E+14  1.856E+14  1.852E+14  1.797E+14  1.687E+14  1.514E+14  1.275E+14  9.713E+13  6.316E+13  3.246E+13
  365.0000  1.658E+13  4.539E+12  6.930E+11  1.657E+11  1.895E+11  9.387E+11  5.764E+12  1.947E+13  4.763E+13  8.935E+13  1.330E+14  1.705E+14  1.996E+14  2.200E+14  2.328E+14  2.387E+14  2.382E+14  2.314E+14  2.176E+14  1.961E+14  1.659E+14  1.273E+14  8.342E+13  4.300E+13
  370.0000  1.779E+13  4.853E+12  7.338E+11  1.745E+11  1.997E+11  9.959E+11  6.167E+12  2.091E+13  5.156E+13  9.628E+13  1.421E+14  1.811E+14  2.110E+14  2.319E+14  2.449E+14  2.509E+14  2.505E+14  2.435E+14  2.295E+14  2.074E+14  1.763E+14  1.362E+14  8.998E+13  4.654E+13
  375.0000  1.658E+13  4.503E+12  6.750E+11  1.586E+11  1.819E+11  9.172E+11  5.726E+12  1.952E+13  4.848E+13  9.004E+13  1.319E+14  1.670E+14  1.937E+14  2.123E+14  2.238E+14  2.291E+14  2.287E+14  2.226E+14  2.102E+14  1.905E+14  1.627E+14  1.265E+14  8.424E+13  4.375E+13
  380.0000  1.966E+13  5.318E+12  7.909E+11  1.858E+11  2.130E+11  1.076E+12  6.766E+12  2.318E+13  5.798E+13  1.071E+14  1.556E+14  1.959E+14  2.262E+14  2.473E+14  2.602E+14  2.662E+14  2.658E+14  2.588E+14  2.448E+14  2.226E+14  1.909E+14  1.494E+14  1.003E+14  5.233E+13
  385.0000  1.529E+13  4.117E+12  6.065E+11  1.415E+11  1.622E+11  8.265E+11  5.241E+12  1.806E+13  4.546E+13  8.340E+13  1.203E+14  1.505E+14  1.732E+14  1.888E+14  1.984E+14  2.028E+14  2.024E+14  1.973E+14  1.870E+14  1.705E+14  1.468E+14  1.156E+14  7.819E+13  4.103E+13
  390.0000  2.059E+13  5.520E+12  8.043E+11  1.856E+11  2.128E+11  1.098E+12  7.031E+12  2.436E+13  6.170E+13  1.124E+14  1.609E+14  2.003E+14  2.295E+14  2.495E+14  2.618E+14  2.675E+14  2.670E+14  2.605E+14  2.472E+14  2.260E+14  1.955E+14  1.548E+14  1.055E+14  5.571E+13
  395.0000  1.647E+13  4.395E+12  6.340E+11  1.446E+11  1.661E+11  8.673E+11  5.601E+12  1.953E+13  4.972E+13  8.995E+13  1.278E+14  1.582E+14  1.806E+14  1.959E+14  2.053E+14  2.095E+14  2.092E+14  2.043E+14  1.941E+14  1.779E+14  1.545E+14  1.230E+14  8.452E+13  4.491E+13
  400.0000  3.155E+13  8.377E+12  1.197E+12  2.707E+11  3.112E+11  1.641E+12  1.068E+13  3.749E+13  9.583E+13  1.721E+14  2.427E+14  2.988E+14  3.400E+14  3.680E+14  3.850E+14  3.928E+14  3.922E+14  3.832E+14  3.648E+14  3.351E+14  2.920E+14  2.338E+14  1.619E+14  8.660E+13
  405.0000  3.318E+13  8.764E+12  1.241E+12  2.789E+11  3.209E+11  1.705E+12  1.118E+13  3.950E+13  1.014E+14  1.806E+14  2.529E+14  3.099E+14  3.513E+14  3.794E+14  3.965E+14  4.043E+14  4.037E+14  3.947E+14  3.762E+14  3.464E+14  3.030E+14  2.439E+14  1.701E+14  9.165E+13
  410.0000  3.529E+13  9.265E+12  1.300E+12  2.891E+11  3.330E+11  1.788E+12  1.182E+13  4.210E+13  1.083E+14  1.915E+14  2.663E+14  3.248E+14  3.671E+14  3.956E+14  4.129E+14  4.208E+14  4.202E+14  4.111E+14  3.924E+14  3.621E+14  3.177E+14  2.571E+14  1.806E+14  9.802E+13
  415.0000  3.793E+13  9.902E+12  1.376E+12  3.038E+11  3.499E+11  1.898E+12  1.264E+13  4.534E+13  1.169E+14  2.051E+14  2.833E+14  3.438E+14  3.874E+14  4.167E+14  4.344E+14  4.425E+14  4.419E+14  4.326E+14  4.134E+14  3.822E+14  3.365E+14  2.736E+14  1.936E+14  1.059E+14
  420.0000  3.948E+13  1.024E+13  1.410E+12  3.085E+11  3.558E+11  1.949E+12  1.307E+13  4.730E+13  1.222E+14  2.126E+14  2.916E+14  3.524E+14  3.959E+14  4.251E+14  4.427E+14  4.507E+14  4.501E+14  4.408E+14  4.217E+14  3.908E+14  3.451E+14  2.819E+14  2.008E+14  1.107E+14
  425.0000  3.882E+13  9.996E+12  1.364E+12  2.961E+11  3.416E+11  1.888E+12  1.276E+13  4.662E+13  1.205E+14  2.081E+14  2.837E+14  3.414E+14  3.825E+14  4.100E+14  4.265E+14  4.340E+14  4.334E+14  4.248E+14  4.068E+14  3.776E+14  3.345E+14  2.745E+14  1.968E+14  1.093E+14
  430.0000  3.695E+13  9.450E+12  1.278E+12  2.744E+11  3.169E+11  1.774E+12  1.207E+13  4.445E+13  1.149E+14  1.968E+14  2.666E+14  3.195E+14  3.571E+14  3.821E+14  3.971E+14  4.039E+14  4.034E+14  3.955E+14  3.792E+14  3.526E+14  3.132E+14  2.581E+14  1.863E+14  1.043E+14
  435.0000  4.420E+13  1.122E+13  1.505E+12  3.206E+11  3.704E+11  2.093E+12  1.433E+13  5.329E+13  1.377E+14  2.340E+14  3.151E+14  3.761E+14  4.193E+14  4.479E+14  4.651E+14  4.729E+14  4.723E+14  4.633E+14  4.447E+14  4.142E+14  3.689E+14  3.053E+14  2.218E+14  1.251E+14
  440.0000  4.678E+13  1.176E+13  1.562E+12  3.294E+11  3.809E+11  2.176E+12  1.502E+13  5.652E+13  1.460E+14  2.462E+14  3.297E+14  3.921E+14  4.361E+14  4.652E+14  4.826E+14  4.905E+14  4.899E+14  4.808E+14  4.619E+14  4.309E+14  3.847E+14  3.196E+14  2.335E+14  1.328E+14
  445.0000  5.174E+13  1.289E+13  1.697E+12  3.546E+11  4.102E+11  2.370E+12  1.647E+13  6.263E+13  1.616E+14  2.704E+14  3.601E+14  4.267E+14  4.735E+14  5.044E+14  5.229E+14  5.312E+14  5.306E+14  5.209E+14  5.009E+14  4.680E+14  4.188E+14  3.493E+14  2.567E+14  1.471E+14
  450.0000  5.670E+13  1.400E+13  1.830E+12  3.784E+11  4.382E+11  2.561E+12  1.789E+13  6.877E+13  1.770E+14  2.940E+14  3.893E+14  4.598E+14  5.090E+14  5.415E+14  5.609E+14  5.696E+14  5.690E+14  5.588E+14  5.378E+14  5.033E+14  4.514E+14  3.779E+14  2.793E+14  1.613E+14
  455.0000  5.713E+13  1.397E+13  1.811E+12  3.706E+11  4.296E+11  2.540E+12  1.785E+13  6.941E+13  1.782E+14  2.938E+14  3.871E+14  4.556E+14  5.034E+14  5.348E+14  5.535E+14  5.620E+14  5.613E+14  5.516E+14  5.313E+14  4.978E+14  4.475E+14  3.759E+14  2.794E+14  1.625E+14
  460.0000  6.006E+13  1.444E+13  1.843E+12  3.729E+11  4.326E+11  2.593E+12  1.848E+13  7.315E+13  1.878E+14  3.077E+14  4.038E+14  4.740E+14  5.228E+14  5.549E+14  5.739E+14  5.825E+14  5.818E+14  5.719E+14  5.512E+14  5.171E+14  4.657E+14  3.923E+14  2.929E+14  1.714E+14
  465.0000  6.123E+13  1.459E+13  1.852E+12  3.710E+11  4.308E+11  2.611E+12  1.866E+13  7.467E+13  1.909E+14  3.105E+14  4.054E+14  4.744E+14  5.223E+14  5.536E+14  5.722E+14  5.806E+14  5.800E+14  5.703E+14  5.501E+14  5.167E+14  4.663E+14  3.941E+14  2.958E+14  1.744E+14
  470.0000  6.264E+13  1.476E+13  1.860E+12  3.688E+11  4.285E+11  2.629E+12  1.888E+13  7.651E+13  1.949E+14  3.148E+14  4.091E+14  4.774E+14  5.246E+14  5.554E+14  5.737E+14  5.820E+14  5.813E+14  5.718E+14  5.519E+14  5.191E+14  4.693E+14  3.979E+14  3.001E+14  1.782E+14
  475.0000  6.506E+13  1.512E+13  1.890E+12  3.706E+11  4.310E+11  2.678E+12  1.936E+13  7.957E+13  2.020E+14  3.242E+14  4.196E+14  4.883E+14  5.357E+14  5.667E+14  5.850E+14  5.932E+14  5.926E+14  5.831E+14  5.632E+14  5.302E+14  4.802E+14  4.083E+14  3.093E+14  1.850E+14
  480.0000  6.777E+13  1.535E+13  1.874E+12  3.624E+11  4.218E+11  2.665E+12  1.971E+13  8.310E+13  2.113E+14  3.378E+14  4.359E+14  5.065E+14  5.550E+14  5.867E+14  6.054E+14  6.138E+14  6.132E+14  6.035E+14  5.831E+14  5.494E+14  4.982E+14  4.243E+14  3.224E+14  1.935E+14
  485.0000  6.316E+13  1.411E+13  1.709E+12  3.267E+11  3.806E+11  2.436E+12  1.813E+13  7.755E+13  1.964E+14  3.121E+14  4.012E+14  4.650E+14  5.087E+14  5.373E+14  5.542E+14  5.617E+14  5.612E+14  5.524E+14  5.341E+14  5.037E+14  4.575E+14  3.906E+14  2.980E+14  1.800E+14
  490.0000  6.782E+13  1.501E+13  1.814E+12  3.431E+11  4.000E+11  2.590E+12  1.927E+13  8.332E+13  2.097E+14  3.310E+14  4.236E+14  4.897E+14  5.350E+14  5.645E+14  5.819E+14  5.897E+14  5.891E+14  5.800E+14  5.611E+14  5.297E+14  4.820E+14  4.127E+14  3.163E+14  1.925E+14
  495.0000  7.075E+13  1.541E+13  1.847E+12  3.450E+11  4.027E+11  2.644E+12  1.980E+13  8.702E+13  2.182E+14  3.424E+14  4.368E+14  5.038E+14  5.497E+14  5.795E+14  5.971E+14  6.050E+14  6.044E+14  5.952E+14  5.761E+14  5.444E+14  4.960E+14  4.257E+14  3.275E+14  2.004E+14
  500.0000  6.816E+13  1.443E+13  1.690E+12  3.111E+11  3.634E+11  2.428E+12  1.861E+13  8.403E+13  2.109E+14  3.300E+14  4.201E+14  4.840E+14  5.276E+14  5.560E+14  5.727E+14  5.802E+14  5.796E+14  5.709E+14  5.528E+14  5.225E+14  4.765E+14  4.095E+14  3.157E+14  1.938E+14
  505.0000  6.944E+13  1.420E+13  1.612E+12  2.921E+11  3.414E+11  2.327E+12  1.839E+13  8.584E+13  2.162E+14  3.378E+14  4.295E+14  4.945E+14  5.388E+14  5.676E+14  5.846E+14  5.922E+14  5.916E+14  5.828E+14  5.643E+14  5.336E+14  4.869E+14  4.187E+14  3.232E+14  1.986E+14
  510.0000  7.099E+13  1.438E+13  1.634E+12  2.926E+11  3.425E+11  2.362E+12  1.861E+13  8.776E+13  2.194E+14  3.407E+14  4.315E+14  4.956E+14  5.393E+14  5.676E+14  5.843E+14  5.918E+14  5.912E+14  5.826E+14  5.644E+14  5.342E+14  4.881E+14  4.208E+14  3.262E+14  2.018E+14
  515.0000  6.741E+13  1.345E+13  1.520E+12  2.689E+11  3.151E+11  2.202E+12  1.742E+13  8.338E+13  2.074E+14  3.204E+14  4.046E+14  4.638E+14  5.041E+14  5.302E+14  5.456E+14  5.525E+14  5.520E+14  5.440E+14  5.273E+14  4.994E+14  4.569E+14  3.947E+14  3.070E+14  1.910E+14
  520.0000  7.048E+13  1.376E+13  1.536E+12  2.679E+11  3.143E+11  2.230E+12  1.786E+13  8.727E+13  2.165E+14  3.333E+14  4.198E+14  4.806E+14  5.219E+14  5.487E+14  5.645E+14  5.715E+14  5.710E+14  5.628E+14  5.457E+14  5.172E+14  4.735E+14  4.097E+14  3.194E+14  1.995E+14
  525.0000  7.105E+13  1.343E+13  1.461E+12  2.509E+11  2.945E+11  2.130E+12  1.750E+13  8.815E+13  2.191E+14  3.367E+14  4.238E+14  4.849E+14  5.264E+14  5.533E+14  5.691E+14  5.762E+14  5.756E+14  5.674E+14  5.502E+14  5.216E+14  4.777E+14  4.136E+14  3.228E+14  2.019E+14
  530.0000  7.453E+13  1.353E+13  1.422E+12  2.402E+11  2.821E+11  2.084E+12  1.773E+13  9.271E+13  2.316E+14  3.561E+14  4.481E+14  5.126E+14  5.565E+14  5.849E+14  6.017E+14  6.091E+14  6.086E+14  5.999E+14  5.817E+14  5.514E+14  5.051E+14  4.373E+14  3.413E+14  2.134E+14
  535.0000  7.321E+13  1.297E+13  1.346E+12  2.238E+11  2.633E+11  1.977E+12  1.705E+13  9.116E+13  2.273E+14  3.485E+14  4.377E+14  5.003E+14  5.428E+14  5.703E+14  5.865E+14  5.937E+14  5.932E+14  5.848E+14  5.672E+14  5.378E+14  4.930E+14  4.273E+14  3.341E+14  2.095E+14
  540.0000  7.496E+13  1.308E+13  1.353E+12  2.222E+11  2.617E+11  1.991E+12  1.721E+13  9.334E+13  2.315E+14  3.533E+14  4.427E+14  5.051E+14  5.475E+14  5.750E+14  5.911E+14  5.983E+14  5.978E+14  5.894E+14  5.719E+14  5.426E+14  4.978E+14  4.322E+14  3.389E+14  2.135E+14
  545.0000  7.686E+13  1.307E+13  1.332E+12  2.154E+11  2.540E+11  1.964E+12  1.724E+13  9.581E+13  2.374E+14  3.615E+14  4.524E+14  5.158E+14  5.588E+14  5.867E+14  6.031E+14  6.104E+14  6.099E+14  6.013E+14  5.835E+14  5.538E+14  5.084E+14  4.418E+14  3.469E+14  2.190E+14
  550.0000  7.822E+13  1.301E+13  1.312E+12  2.093E+11  2.470E+11  1.940E+12  1.720E+13  9.756E+13  2.411E+14  3.661E+14  4.574E+14  5.210E+14  5.641E+14  5.920E+14  6.085E+14  6.158E+14  6.153E+14  6.067E+14  5.889E+14  5.591E+14  5.136E+14  4.467E+14  3.514E+14  2.225E+14
  555.0000  7.901E+13  1.280E+13  1.279E+12  2.001E+11  2.366E+11  1.895E+12  1.697E+13  9.859E+13  2.426E+14  3.671E+14  4.576E+14  5.207E+14  5.633E+14  5.910E+14  6.072E+14  6.145E+14  6.139E+14  6.055E+14  5.878E+14  5.584E+14  5.133E+14  4.471E+14  3.525E+14  2.241E+14
  560.0000  7.698E+13  1.204E+13  1.175E+12  1.808E+11  2.142E+11  1.747E+12  1.605E+13  9.622E+13  2.375E+14  3.593E+14  4.479E+14  5.096E+14  5.513E+14  5.784E+14  5.943E+14  6.014E+14  6.009E+14  5.926E+14  5.753E+14  5.465E+14  5.024E+14  4.376E+14  3.450E+14  2.193E+14
  565.0000  7.688E+13  1.160E+13  1.103E+12  1.670E+11  1.980E+11  1.646E+12  1.554E+13  9.627E+13  2.384E+14  3.610E+14  4.501E+14  5.121E+14  5.542E+14  5.814E+14  5.975E+14  6.046E+14  6.041E+14  5.958E+14  5.783E+14  5.493E+14  5.049E+14  4.397E+14  3.466E+14  2.202E+14
  570.0000  7.693E+13  1.128E+13  1.058E+12  1.578E+11  1.873E+11  1.581E+12  1.518E+13  9.641E+13  2.388E+14  3.612E+14  4.500E+14  5.119E+14  5.538E+14  5.810E+14  5.970E+14  6.041E+14  6.036E+14  5.953E+14  5.779E+14  5.490E+14  5.047E+14  4.397E+14  3.468E+14  2.205E+14
  575.0000  7.946E+13  1.143E+13  1.067E+12  1.570E+11  1.868E+11  1.597E+12  1.541E+13  9.959E+13  2.458E+14  3.708E+14  4.613E+14  5.242E+14  5.669E+14  5.945E+14  6.108E+14  6.181E+14  6.175E+14  6.091E+14  5.914E+14  5.619E+14  5.169E+14  4.508E+14  3.562E+14  2.271E+14
  580.0000  8.101E+13  1.164E+13  1.106E+12  1.610E+11  1.919E+11  1.653E+12  1.568E+13  1.014E+14  2.473E+14  3.707E+14  4.596E+14  5.213E+14  5.630E+14  5.900E+14  6.059E+14  6.131E+14  6.125E+14  6.043E+14  5.870E+14  5.582E+14  5.141E+14  4.493E+14  3.564E+14  2.288E+14
  585.0000  8.408E+13  1.208E+13  1.170E+12  1.688E+11  2.016E+11  1.746E+12  1.625E+13  1.050E+14  2.533E+14  3.771E+14  4.659E+14  5.274E+14  5.689E+14  5.957E+14  6.115E+14  6.186E+14  6.180E+14  6.098E+14  5.927E+14  5.641E+14  5.202E+14  4.556E+14  3.627E+14  2.346E+14
  590.0000  8.312E+13  1.182E+13  1.153E+12  1.645E+11  1.968E+11  1.720E+12  1.591E+13  1.037E+14  2.484E+14  3.683E+14  4.540E+14  5.132E+14  5.532E+14  5.790E+14  5.942E+14  6.010E+14  6.005E+14  5.926E+14  5.761E+14  5.486E+14  5.063E+14  4.441E+14  3.544E+14  2.302E+14
  595.0000  8.517E+13  1.178E+13  1.134E+12  1.596E+11  1.913E+11  1.695E+12  1.593E+13  1.063E+14  2.548E+14  3.777E+14  4.654E+14  5.260E+14  5.669E+14  5.934E+14  6.089E+14  6.159E+14  6.154E+14  6.073E+14  5.904E+14  5.622E+14  5.189E+14  4.552E+14  3.634E+14  2.362E+14
  600.0000  8.296E+13  1.110E+13  1.049E+12  1.453E+11  1.745E+11  1.570E+12  1.510E+13  1.037E+14  2.492E+14  3.696E+14  4.556E+14  5.151E+14  5.553E+14  5.813E+14  5.966E+14  6.034E+14  6.029E+14  5.950E+14  5.783E+14  5.506E+14  5.082E+14  4.457E+14  3.556E+14  2.309E+14
  605.0000  8.573E+13  1.133E+13  1.077E+12  1.478E+11  1.777E+11  1.612E+12  1.544E+13  1.071E+14  2.557E+14  3.780E+14  4.651E+14  5.252E+14  5.658E+14  5.921E+14  6.075E+14  6.145E+14  6.140E+14  6.059E+14  5.891E+14  5.611E+14  5.182E+14  4.550E+14  3.638E+14  2.371E+14
  610.0000  8.868E+13  1.185E+13  1.164E+12  1.590E+11  1.916E+11  1.736E+12  1.610E+13  1.104E+14  2.596E+14  3.806E+14  4.662E+14  5.251E+14  5.648E+14  5.905E+14  6.056E+14  6.124E+14  6.119E+14  6.040E+14  5.876E+14  5.602E+14  5.182E+14  4.563E+14  3.666E+14  2.411E+14
  615.0000  9.099E+13  1.234E+13  1.258E+12  1.716E+11  2.072E+11  1.868E+12  1.670E+13  1.129E+14  2.609E+14  3.793E+14  4.624E+14  5.194E+14  5.578E+14  5.826E+14  5.971E+14  6.037E+14  6.032E+14  5.956E+14  5.798E+14  5.533E+14  5.128E+14  4.528E+14  3.656E+14  2.428E+14
  620.0000  9.641E+13  1.319E+13  1.388E+12  1.893E+11  2.290E+11  2.053E+12  1.781E+13  1.193E+14  2.717E+14  3.918E+14  4.758E+14  5.333E+14  5.719E+14  5.968E+14  6.114E+14  6.179E+14  6.174E+14  6.098E+14  5.939E+14  5.674E+14  5.266E+14  4.661E+14  3.781E+14  2.531E+14
  625.0000  9.799E+13  1.347E+13  1.454E+12  1.980E+11  2.399E+11  2.144E+12  1.816E+13  1.209E+14  2.720E+14  3.898E+14  4.717E+14  5.275E+14  5.651E+14  5.892E+14  6.034E+14  6.098E+14  6.093E+14  6.019E+14  5.865E+14  5.607E+14  5.211E+14  4.622E+14  3.763E+14  2.537E+14
  630.0000  1.021E+14  1.411E+13  1.567E+12  2.136E+11  2.591E+11  2.303E+12  1.900E+13  1.256E+14  2.789E+14  3.969E+14  4.786E+14  5.342E+14  5.714E+14  5.954E+14  6.095E+14  6.158E+14  6.154E+14  6.080E+14  5.927E+14  5.671E+14  5.277E+14  4.692E+14  3.835E+14  2.604E+14
  635.0000  1.055E+14  1.471E+13  1.684E+12  2.302E+11  2.796E+11  2.465E+12  1.977E+13  1.295E+14  2.837E+14  4.010E+14  4.817E+14  5.365E+14  5.732E+14  5.968E+14  6.107E+14  6.169E+14  6.164E+14  6.092E+14  5.941E+14  5.689E+14  5.301E+14  4.724E+14  3.877E+14  2.653E+14
  640.0000  1.087E+14  1.527E+13  1.805E+12  2.477E+11  3.012E+11  2.631E+12  2.050E+13  1.330E+14  2.873E+14  4.033E+14  4.826E+14  5.364E+14  5.723E+14  5.954E+14  6.090E+14  6.151E+14  6.146E+14  6.076E+14  5.928E+14  5.682E+14  5.301E+14  4.735E+14  3.901E+14  2.690E+14
  644.8000  1.121E+14  1.585E+13  1.926E+12  2.654E+11  3.230E+11  2.797E+12  2.125E+13  1.369E+14  2.920E+14  4.073E+14  4.858E+14  5.389E+14  5.744E+14  5.972E+14  6.105E+14  6.165E+14  6.160E+14  6.091E+14  5.946E+14  5.703E+14  5.327E+14  4.768E+14  3.943E+14  2.738E+14
  651.0500  1.155E+14  1.639E+13  2.051E+12  2.837E+11  3.458E+11  2.966E+12  2.196E+13  1.406E+14  2.958E+14  4.097E+14  4.868E+14  5.389E+14  5.736E+14  5.959E+14  6.090E+14  6.148E+14  6.144E+14  6.076E+14  5.934E+14  5.696E+14  5.328E+14  4.780E+14  3.968E+14  2.777E+14
  660.0000  1.164E+14  1.660E+13  2.168E+12  3.022E+11  3.690E+11  3.117E+12  2.224E+13  1.411E+14  2.910E+14  3.990E+14  4.717E+14  5.205E+14  5.531E+14  5.740E+14  5.862E+14  5.917E+14  5.913E+14  5.849E+14  5.716E+14  5.493E+14  5.149E+14  4.634E+14  3.869E+14  2.736E+14
  670.0000  1.276E+14  1.831E+13  2.508E+12  3.535E+11  4.322E+11  3.580E+12  2.453E+13  1.539E+14  3.107E+14  4.215E+14  4.954E+14  5.449E+14  5.779E+14  5.990E+14  6.114E+14  6.169E+14  6.165E+14  6.101E+14  5.966E+14  5.740E+14  5.392E+14  4.870E+14  4.091E+14  2.928E+14
  680.0000  1.329E+14  1.911E+13  2.727E+12  3.884E+11  4.755E+11  3.869E+12  2.565E+13  1.597E+14  3.162E+14  4.249E+14  4.969E+14  5.450E+14  5.770E+14  5.975E+14  6.095E+14  6.148E+14  6.144E+14  6.082E+14  5.952E+14  5.733E+14  5.395E+14  4.887E+14  4.128E+14  2.986E+14
  690.0000  1.382E+14  1.982E+13  2.928E+12  4.207E+11  5.157E+11  4.131E+12  2.669E+13  1.655E+14  3.220E+14  4.291E+14  4.996E+14  5.466E+14  5.778E+14  5.978E+14  6.095E+14  6.147E+14  6.143E+14  6.083E+14  5.956E+14  5.742E+14  5.412E+14  4.916E+14  4.172E+14  3.045E+14
  700.0000  1.432E+14  2.051E+13  3.134E+12  4.549E+11  5.583E+11  4.398E+12  2.770E+13  1.708E+14  3.268E+14  4.319E+14  5.007E+14  5.465E+14  5.768E+14  5.963E+14  6.077E+14  6.127E+14  6.123E+14  6.065E+14  5.941E+14  5.733E+14  5.412E+14  4.929E+14  4.203E+14  3.095E+14
  710.0000  1.461E+14  2.077E+13  3.252E+12  4.752E+11  5.840E+11  4.543E+12  2.820E+13  1.738E+14  3.281E+14  4.307E+14  4.976E+14  5.420E+14  5.715E+14  5.904E+14  6.014E+14  6.063E+14  6.060E+14  6.003E+14  5.882E+14  5.681E+14  5.369E+14  4.900E+14  4.194E+14  3.111E+14
  720.0000  1.472E+14  2.074E+13  3.316E+12  4.873E+11  5.998E+11  4.614E+12  2.832E+13  1.747E+14  3.256E+14  4.249E+14  4.894E+14  5.321E+14  5.605E+14  5.787E+14  5.893E+14  5.940E+14  5.937E+14  5.882E+14  5.766E+14  5.572E+14  5.272E+14  4.821E+14  4.140E+14  3.091E+14
  730.0000  1.501E+14  2.099E+13  3.434E+12  5.087E+11  6.268E+11  4.757E+12  2.883E+13  1.775E+14  3.266E+14  4.235E+14  4.862E+14  5.277E+14  5.553E+14  5.729E+14  5.833E+14  5.879E+14  5.875E+14  5.822E+14  5.709E+14  5.521E+14  5.229E+14  4.791E+14  4.129E+14  3.104E+14
------------------------------------------------------------
Photolysis rate coefficients, s-1
   1 = O3 -> O2 + O(1D)                                  
   2 = H2O2 -> 2 OH                                      
   3 = NO2 -> NO + O(3P)                                 
   4 = NO3 -> NO + O2                                    
   5 = NO3 -> NO2 + O(3P)                                
   6 = CH2O -> H + HCO                                   
   7 = CH2O -> H2 + CO                                   
values at z =      0.500 km
Columns: time, sza, photo-reactions
time, hrs.  sza, deg.          1          2          3          4          5          6          7
    0.0000     85.397  1.886E-07  2.859E-07  6.794E-04  3.478E-03  2.455E-02  8.159E-07  2.203E-06
    1.0000     89.599  4.632E-08  7.178E-08  1.821E-04  4.760E-04  4.089E-03  1.799E-07  5.520E-07
    2.0000     92.522  9.046E-09  1.118E-08  2.709E-05  4.752E-05  4.269E-04  2.843E-08  8.536E-08
    3.0000     93.974  2.550E-09  2.829E-09  6.383E-06  6.583E-06  6.984E-05  7.645E-09  2.166E-08
    4.0000     93.851  2.896E-09  3.222E-09  7.312E-06  7.923E-06  8.237E-05  8.671E-09  2.466E-08
    5.0000     92.162  1.169E-08  1.499E-08  3.683E-05  7.070E-05  6.263E-04  3.767E-08  1.145E-07
    6.0000     89.025  5.842E-08  9.199E-08  2.319E-04  6.441E-04  5.408E-03  2.340E-07  7.087E-07
    7.0000     84.645  2.300E-07  3.400E-07  8.023E-04  4.327E-03  3.055E-02  9.910E-07  2.614E-06
    8.0000     79.280  7.515E-07  8.857E-07  2.006E-03  1.016E-02  7.510E-02  2.864E-06  6.642E-06
    9.0000     73.215  2.117E-06  1.819E-06  3.718E-03  1.490E-02  1.142E-01  6.406E-06  1.336E-05
   10.0000     66.759  4.884E-06  3.020E-06  5.465E-03  1.826E-02  1.429E-01  1.142E-05  2.169E-05
   11.0000     60.244  9.138E-06  4.270E-06  6.960E-03  2.057E-02  1.630E-01  1.699E-05  2.999E-05
   12.0000     54.060  1.430E-05  5.396E-06  8.115E-03  2.212E-02  1.767E-01  2.221E-05  3.711E-05
   13.0000     48.673  1.937E-05  6.289E-06  8.932E-03  2.313E-02  1.855E-01  2.646E-05  4.254E-05
   14.0000     44.639  2.335E-05  6.895E-06  9.443E-03  2.372E-02  1.908E-01  2.938E-05  4.611E-05
   15.0000     42.519  2.545E-05  7.191E-06  9.681E-03  2.399E-02  1.931E-01  3.081E-05  4.782E-05
   16.0000     42.682  2.529E-05  7.169E-06  9.663E-03  2.397E-02  1.929E-01  3.070E-05  4.769E-05
   17.0000     45.097  2.289E-05  6.829E-06  9.389E-03  2.366E-02  1.902E-01  2.906E-05  4.572E-05
   18.0000     49.353  1.871E-05  6.181E-06  8.837E-03  2.302E-02  1.845E-01  2.594E-05  4.189E-05
   19.0000     54.877  1.356E-05  5.252E-06  7.976E-03  2.194E-02  1.751E-01  2.154E-05  3.622E-05
   20.0000     61.126  8.482E-06  4.103E-06  6.774E-03  2.030E-02  1.607E-01  1.623E-05  2.890E-05
   21.0000     67.644  4.416E-06  2.849E-06  5.238E-03  1.787E-02  1.396E-01  1.068E-05  2.053E-05
   22.0000     74.052  1.863E-06  1.675E-06  3.478E-03  1.435E-02  1.096E-01  5.834E-06  1.233E-05
   23.0000     80.021  6.494E-07  7.929E-07  1.811E-03  9.436E-03  6.933E-02  2.534E-06  5.964E-06
------------------------------------------------------------
