Spectral actinic flux, quanta cm-2 s-1 nm-1
values at z =      0.500 km
Columns: wavelength (nm), times (hrs.) or sza (deg.)
    wc, nm      0.000      1.000      2.000      3.000      4.000      5.000      6.000      7.000      8.000      9.000     10.000     11.000     12.000     13.000     14.000     15.000     16.000     17.000     18.000     19.000     20.000     21.000     22.000     23.000
    sza =      85.678     89.916     92.873     94.354     94.251     92.574     89.439     85.053     79.676     73.596     67.122     60.588     54.382     48.971     44.909     42.758     42.890     45.278     49.517     55.038     61.294     67.828     74.260     80.259
  120.7000  0.000E+00  0.000E+00  0.000E+00  0.000E+00  0.000E+00  0.000E+00  0.000E+00  0.000E+00  0.000E+00  0.000E+00  0.000E+00  0.000E+00  0.000E+00  0.000E+00  0.000E+00  0.000E+00  0.000E+00  0.000E+00  0.000E+00  0.000E+00  0.000E+00  0.000E+00  0.000E+00  0.000E+00
  121.6500  0.000E+00  0.000E+00  0.000E+00  0.000E+00  0.000E+00  0.000E+00  0.000E+00  0.000E+00  0.000E+00  0.000E+00  0.000E+00  0.000E+00  0.000E+00  0.000E+00  0.000E+00  0.000E+00  0.000E+00  0.000E+00  0.000E+00  0.000E+00  0.000E+00  0.000E+00  0.000E+00  0.000E+00
  122.1000  0.000E+00  0.000E+00  0.000E+00  0.000E+00  0.000E+00  0.000E+00  0.000E+00  0.000E+00  0.000E+00  0.000E+00  0.000E+00  0.000E+00  0.000E+00  0.000E+00  0.000E+00  0.000E+00  0.000E+00  0.000E+00  0.000E+00  0.000E+00  0.000E+00  0.000E+00  0.000E+00  0.000E+00
  122.7000  0.000E+00  0.000E+00  0.000E+00  0.000E+00  0.000E+00  0.000E+00  0.000E+00  0.000E+00  0.000E+00  0.000E+00  0.000E+00  0.000E+00  0.000E+00  0.000E+00  0.000E+00  0.000E+00  0.000E+00  0.000E+00  0.000E+00  0.000E+00  0.000E+00  0.000E+00  0.000E+00  0.000E+00
  123.4500  0.000E+00  0.000E+00  0.000E+00  0.000E+00  0.000E+00  0.000E+00  0.000E+00  0.000E+00  0.000E+00  0.000E+00  0.000E+00  0.000E+00  0.000E+00  0.000E+00  0.000E+00  0.000E+00  0.000E+00  0.000E+00  0.000E+00  0.000E+00  0.000E+00  0.000E+00  0.000E+00  0.000E+00
  124.2000  0.000E+00  0.000E+00  0.000E+00  0.000E+00  0.000E+00  0.000E+00  0.000E+00  0.000E+00  0.000E+00  0.000E+00  0.000E+00  0.000E+00  0.000E+00  0.000E+00  0.000E+00  0.000E+00  0.000E+00  0.000E+00  0.000E+00  0.000E+00  0.000E+00  0.000E+00  0.000E+00  0.000E+00
  125.0000  0.000E+00  0.000E+00  0.000E+00  0.000E+00  0.000E+00  0.000E+00  0.000E+00  0.000E+00  0.000E+00  0.000E+00  0.000E+00  0.000E+00  0.000E+00  0.000E+00  0.000E+00  0.000E+00  0.000E+00  0.000E+00  0.000E+00  0.000E+00  0.000E+00  0.000E+00  0.000E+00  0.000E+00
  125.8000  0.000E+00  0.000E+00  0.000E+00  0.000E+00  0.000E+00  0.000E+00  0.000E+00  0.000E+00  0.000E+00  0.000E+00  0.000E+00  0.000E+00  0.000E+00  0.000E+00  0.000E+00  0.000E+00  0.000E+00  0.000E+00  0.000E+00  0.000E+00  0.000E+00  0.000E+00  0.000E+00  0.000E+00
  126.6000  0.000E+00  0.000E+00  0.000E+00  0.000E+00  0.000E+00  0.000E+00  0.000E+00  0.000E+00  0.000E+00  0.000E+00  0.000E+00  0.000E+00  0.000E+00  0.000E+00  0.000E+00  0.000E+00  0.000E+00  0.000E+00  0.000E+00  0.000E+00  0.000E+00  0.000E+00  0.000E+00  0.000E+00
  127.8000  0.000E+00  0.000E+00  0.000E+00  0.000E+00  0.000E+00  0.000E+00  0.000E+00  0.000E+00  0.000E+00  0.000E+00  0.000E+00  0.000E+00  0.000E+00  0.000E+00  0.000E+00  0.000E+00  0.000E+00  0.000E+00  0.000E+00  0.000E+00  0.000E+00  0.000E+00  0.000E+00  0.000E+00
  129.0000  0.000E+00  0.000E+00  0.000E+00  0.000E+00  0.000E+00  0.000E+00  0.000E+00  0.000E+00  0.000E+00  0.000E+00  0.000E+00  0.000E+00  0.000E+00  0.000E+00  0.000E+00  0.000E+00  0.000E+00  0.000E+00  0.000E+00  0.000E+00  0.000E+00  0.000E+00  0.000E+00  0.000E+00
  129.8500  0.000E+00  0.000E+00  0.000E+00  0.000E+00  0.000E+00  0.000E+00  0.000E+00  0.000E+00  0.000E+00  0.000E+00  0.000E+00  0.000E+00  0.000E+00  0.000E+00  0.000E+00  0.000E+00  0.000E+00  0.000E+00  0.000E+00  0.000E+00  0.000E+00  0.000E+00  0.000E+00  0.000E+00
  131.1500  0.000E+00  0.000E+00  0.000E+00  0.000E+00  0.000E+00  0.000E+00  0.000E+00  0.000E+00  0.000E+00  0.000E+00  0.000E+00  0.000E+00  0.000E+00  0.000E+00  0.000E+00  0.000E+00  0.000E+00  0.000E+00  0.000E+00  0.000E+00  0.000E+00  0.000E+00  0.000E+00  0.000E+00
  133.5000  0.000E+00  0.000E+00  0.000E+00  0.000E+00  0.000E+00  0.000E+00  0.000E+00  0.000E+00  0.000E+00  0.000E+00  0.000E+00  0.000E+00  0.000E+00  0.000E+00  0.000E+00  0.000E+00  0.000E+00  0.000E+00  0.000E+00  0.000E+00  0.000E+00  0.000E+00  0.000E+00  0.000E+00
  136.0000  0.000E+00  0.000E+00  0.000E+00  0.000E+00  0.000E+00  0.000E+00  0.000E+00  0.000E+00  0.000E+00  0.000E+00  0.000E+00  0.000E+00  0.000E+00  0.000E+00  0.000E+00  0.000E+00  0.000E+00  0.000E+00  0.000E+00  0.000E+00  0.000E+00  0.000E+00  0.000E+00  0.000E+00
  141.0000  0.000E+00  0.000E+00  0.000E+00  0.000E+00  0.000E+00  0.000E+00  0.000E+00  0.000E+00  0.000E+00  0.000E+00  0.000E+00  0.000E+00  0.000E+00  0.000E+00  0.000E+00  0.000E+00  0.000E+00  0.000E+00  0.000E+00  0.000E+00  0.000E+00  0.000E+00  0.000E+00  0.000E+00
  150.0000  0.000E+00  0.000E+00  0.000E+00  0.000E+00  0.000E+00  0.000E+00  0.000E+00  0.000E+00  0.000E+00  0.000E+00  0.000E+00  0.000E+00  0.000E+00  0.000E+00  0.000E+00  0.000E+00  0.000E+00  0.000E+00  0.000E+00  0.000E+00  0.000E+00  0.000E+00  0.000E+00  0.000E+00
  160.0000  0.000E+00  0.000E+00  0.000E+00  0.000E+00  0.000E+00  0.000E+00  0.000E+00  0.000E+00  0.000E+00  0.000E+00  0.000E+00  0.000E+00  0.000E+00  0.000E+00  0.000E+00  0.000E+00  0.000E+00  0.000E+00  0.000E+00  0.000E+00  0.000E+00  0.000E+00  0.000E+00  0.000E+00
  167.5000  0.000E+00  0.000E+00  0.000E+00  0.000E+00  0.000E+00  0.000E+00  0.000E+00  0.000E+00  0.000E+00  0.000E+00  0.000E+00  0.000E+00  0.000E+00  0.000E+00  0.000E+00  0.000E+00  0.000E+00  0.000E+00  0.000E+00  0.000E+00  0.000E+00  0.000E+00  0.000E+00  0.000E+00
  172.2000  0.000E+00  0.000E+00  0.000E+00  0.000E+00  0.000E+00  0.000E+00  0.000E+00  0.000E+00  0.000E+00  0.000E+00  0.000E+00  0.000E+00  0.000E+00  0.000E+00  0.000E+00  0.000E+00  0.000E+00  0.000E+00  0.000E+00  0.000E+00  0.000E+00  0.000E+00  0.000E+00  0.000E+00
  175.7000  0.000E+00  0.000E+00  0.000E+00  0.000E+00  0.000E+00  0.000E+00  0.000E+00  0.000E+00  0.000E+00  0.000E+00  0.000E+00  0.000E+00  0.000E+00  0.000E+00  0.000E+00  0.000E+00  0.000E+00  0.000E+00  0.000E+00  0.000E+00  0.000E+00  0.000E+00  0.000E+00  0.000E+00
  177.8000  0.000E+00  0.000E+00  0.000E+00  0.000E+00  0.000E+00  0.000E+00  0.000E+00  0.000E+00  0.000E+00  0.000E+00  0.000E+00  0.000E+00  0.000E+00  0.000E+00  0.000E+00  0.000E+00  0.000E+00  0.000E+00  0.000E+00  0.000E+00  0.000E+00  0.000E+00  0.000E+00  0.000E+00
  179.4000  0.000E+00  0.000E+00  0.000E+00  0.000E+00  0.000E+00  0.000E+00  0.000E+00  0.000E+00  0.000E+00  0.000E+00  0.000E+00  0.000E+00  0.000E+00  0.000E+00  0.000E+00  0.000E+00  0.000E+00  0.000E+00  0.000E+00  0.000E+00  0.000E+00  0.000E+00  0.000E+00  0.000E+00
  181.0000  0.000E+00  0.000E+00  0.000E+00  0.000E+00  0.000E+00  0.000E+00  0.000E+00  0.000E+00  0.000E+00  0.000E+00  0.000E+00  0.000E+00  0.000E+00  0.000E+00  0.000E+00  0.000E+00  0.000E+00  0.000E+00  0.000E+00  0.000E+00  0.000E+00  0.000E+00  0.000E+00  0.000E+00
  182.6500  0.000E+00  0.000E+00  0.000E+00  0.000E+00  0.000E+00  0.000E+00  0.000E+00  0.000E+00  0.000E+00  0.000E+00  0.000E+00  0.000E+00  0.000E+00  0.000E+00  0.000E+00  0.000E+00  0.000E+00  0.000E+00  0.000E+00  0.000E+00  0.000E+00  0.000E+00  0.000E+00  0.000E+00
  184.3500  0.000E+00  0.000E+00  0.000E+00  0.000E+00  0.000E+00  0.000E+00  0.000E+00  0.000E+00  0.000E+00  0.000E+00  0.000E+00  0.000E+00  0.000E+00  0.000E+00  0.000E+00  0.000E+00  0.000E+00  0.000E+00  0.000E+00  0.000E+00  0.000E+00  0.000E+00  0.000E+00  0.000E+00
  186.0500  0.000E+00  0.000E+00  0.000E+00  0.000E+00  0.000E+00  0.000E+00  0.000E+00  0.000E+00  0.000E+00  0.000E+00  0.000E+00  0.000E+00  0.000E+00  0.000E+00  0.000E+00  0.000E+00  0.000E+00  0.000E+00  0.000E+00  0.000E+00  0.000E+00  0.000E+00  0.000E+00  0.000E+00
  187.8000  0.000E+00  0.000E+00  0.000E+00  0.000E+00  0.000E+00  0.000E+00  0.000E+00  0.000E+00  0.000E+00  0.000E+00  0.000E+00  0.000E+00  0.000E+00  0.000E+00  0.000E+00  0.000E+00  0.000E+00  0.000E+00  0.000E+00  0.000E+00  0.000E+00  0.000E+00  0.000E+00  0.000E+00
  189.6000  0.000E+00  0.000E+00  0.000E+00  0.000E+00  0.000E+00  0.000E+00  0.000E+00  0.000E+00  0.000E+00  0.000E+00  0.000E+00  0.000E+00  0.000E+00  0.000E+00  0.000E+00  0.000E+00  0.000E+00  0.000E+00  0.000E+00  0.000E+00  0.000E+00  0.000E+00  0.000E+00  0.000E+00
  191.4000  0.000E+00  0.000E+00  0.000E+00  0.000E+00  0.000E+00  0.000E+00  0.000E+00  0.000E+00  0.000E+00  0.000E+00  0.000E+00  0.000E+00  0.000E+00  0.000E+00  0.000E+00  0.000E+00  0.000E+00  0.000E+00  0.000E+00  0.000E+00  0.000E+00  0.000E+00  0.000E+00  0.000E+00
  193.2500  0.000E+00  0.000E+00  0.000E+00  0.000E+00  0.000E+00  0.000E+00  0.000E+00  0.000E+00  0.000E+00  0.000E+00  0.000E+00  0.000E+00  0.000E+00  0.000E+00  0.000E+00  0.000E+00  0.000E+00  0.000E+00  0.000E+00  0.000E+00  0.000E+00  0.000E+00  0.000E+00  0.000E+00
  195.1500  0.000E+00  0.000E+00  0.000E+00  0.000E+00  0.000E+00  0.000E+00  0.000E+00  0.000E+00  0.000E+00  0.000E+00  0.000E+00  0.000E+00  0.000E+00  0.000E+00  0.000E+00  0.000E+00  0.000E+00  0.000E+00  0.000E+00  0.000E+00  0.000E+00  0.000E+00  0.000E+00  0.000E+00
  197.0500  0.000E+00  0.000E+00  0.000E+00  0.000E+00  0.000E+00  0.000E+00  0.000E+00  0.000E+00  0.000E+00  0.000E+00  0.000E+00  0.000E+00  0.000E+00  0.000E+00  0.000E+00  0.000E+00  0.000E+00  0.000E+00  0.000E+00  0.000E+00  0.000E+00  0.000E+00  0.000E+00  0.000E+00
  199.0000  0.000E+00  0.000E+00  0.000E+00  0.000E+00  0.000E+00  0.000E+00  0.000E+00  0.000E+00  0.000E+00  0.000E+00  0.000E+00  0.000E+00  0.000E+00  0.000E+00  0.000E+00  0.000E+00  0.000E+00  0.000E+00  0.000E+00  0.000E+00  0.000E+00  0.000E+00  0.000E+00  0.000E+00
  201.0000  0.000E+00  0.000E+00  0.000E+00  0.000E+00  0.000E+00  0.000E+00  0.000E+00  0.000E+00  0.000E+00  0.000E+00  0.000E+00  0.000E+00  0.000E+00  0.000E+00  0.000E+00  0.000E+00  0.000E+00  0.000E+00  0.000E+00  0.000E+00  0.000E+00  0.000E+00  0.000E+00  0.000E+00
  203.0500  0.000E+00  0.000E+00  0.000E+00  0.000E+00  0.000E+00  0.000E+00  0.000E+00  0.000E+00  0.000E+00  0.000E+00  0.000E+00  0.000E+00  0.000E+00  0.000E+00  0.000E+00  0.000E+00  0.000E+00  0.000E+00  0.000E+00  0.000E+00  0.000E+00  0.000E+00  0.000E+00  0.000E+00
  204.9500  0.000E+00  0.000E+00  0.000E+00  0.000E+00  0.000E+00  0.000E+00  0.000E+00  0.000E+00  0.000E+00  0.000E+00  0.000E+00  0.000E+00  0.000E+00  0.000E+00  0.000E+00  0.000E+00  0.000E+00  0.000E+00  0.000E+00  0.000E+00  0.000E+00  0.000E+00  0.000E+00  0.000E+00
  207.0665  0.000E+00  0.000E+00  0.000E+00  0.000E+00  0.000E+00  0.000E+00  0.000E+00  0.000E+00  0.000E+00  0.000E+00  0.000E+00  0.000E+00  0.000E+00  0.000E+00  0.000E+00  0.000E+00  0.000E+00  0.000E+00  0.000E+00  0.000E+00  0.000E+00  0.000E+00  0.000E+00  0.000E+00
  209.4295  0.000E+00  0.000E+00  0.000E+00  0.000E+00  0.000E+00  0.000E+00  0.000E+00  0.000E+00  0.000E+00  0.000E+00  0.000E+00  0.000E+00  0.000E+00  0.000E+00  0.000E+00  0.000E+00  0.000E+00  0.000E+00  0.000E+00  0.000E+00  0.000E+00  0.000E+00  0.000E+00  0.000E+00
  211.6460  0.000E+00  0.000E+00  0.000E+00  0.000E+00  0.000E+00  0.000E+00  0.000E+00  0.000E+00  0.000E+00  0.000E+00  0.000E+00  0.000E+00  0.000E+00  0.000E+00  0.000E+00  0.000E+00  0.000E+00  0.000E+00  0.000E+00  0.000E+00  0.000E+00  0.000E+00  0.000E+00  0.000E+00
  213.9100  0.000E+00  0.000E+00  0.000E+00  0.000E+00  0.000E+00  0.000E+00  0.000E+00  0.000E+00  0.000E+00  0.000E+00  0.000E+00  0.000E+00  0.000E+00  0.000E+00  0.000E+00  0.000E+00  0.000E+00  0.000E+00  0.000E+00  0.000E+00  0.000E+00  0.000E+00  0.000E+00  0.000E+00
  216.2225  0.000E+00  0.000E+00  0.000E+00  0.000E+00  0.000E+00  0.000E+00  0.000E+00  0.000E+00  0.000E+00  0.000E+00  0.000E+00  0.000E+00  0.000E+00  0.000E+00  0.000E+00  0.000E+00  0.000E+00  0.000E+00  0.000E+00  0.000E+00  0.000E+00  0.000E+00  0.000E+00  0.000E+00
  218.5855  0.000E+00  0.000E+00  0.000E+00  0.000E+00  0.000E+00  0.000E+00  0.000E+00  0.000E+00  0.000E+00  0.000E+00  0.000E+00  0.000E+00  0.000E+00  0.000E+00  0.000E+00  0.000E+00  0.000E+00  0.000E+00  0.000E+00  0.000E+00  0.000E+00  0.000E+00  0.000E+00  0.000E+00
  221.0010  0.000E+00  0.000E+00  0.000E+00  0.000E+00  0.000E+00  0.000E+00  0.000E+00  0.000E+00  0.000E+00  0.000E+00  0.000E+00  0.000E+00  0.000E+00  0.000E+00  0.000E+00  0.000E+00  0.000E+00  0.000E+00  0.000E+00  0.000E+00  0.000E+00  0.000E+00  0.000E+00  0.000E+00
  223.4705  0.000E+00  0.000E+00  0.000E+00  0.000E+00  0.000E+00  0.000E+00  0.000E+00  0.000E+00  0.000E+00  0.000E+00  0.000E+00  0.000E+00  0.000E+00  0.000E+00  0.000E+00  0.000E+00  0.000E+00  0.000E+00  0.000E+00  0.000E+00  0.000E+00  0.000E+00  0.000E+00  0.000E+00
  225.9960  0.000E+00  0.000E+00  0.000E+00  0.000E+00  0.000E+00  0.000E+00  0.000E+00  0.000E+00  0.000E+00  0.000E+00  0.000E+00  0.000E+00  0.000E+00  0.000E+00  0.000E+00  0.000E+00  0.000E+00  0.000E+00  0.000E+00  0.000E+00  0.000E+00  0.000E+00  0.000E+00  0.000E+00
  228.5790  0.000E+00  0.000E+00  0.000E+00  0.000E+00  0.000E+00  0.000E+00  0.000E+00  0.000E+00  0.000E+00  0.000E+00  0.000E+00  0.000E+00  0.000E+00  0.000E+00  0.000E+00  0.000E+00  0.000E+00  0.000E+00  0.000E+00  0.000E+00  0.000E+00  0.000E+00  0.000E+00  0.000E+00
  231.2215  0.000E+00  0.000E+00  0.000E+00  0.000E+00  0.000E+00  0.000E+00  0.000E+00  0.000E+00  0.000E+00  0.000E+00  0.000E+00  0.000E+00  0.000E+00  0.000E+00  0.000E+00  0.000E+00  0.000E+00  0.000E+00  0.000E+00  0.000E+00  0.000E+00  0.000E+00  0.000E+00  0.000E+00
  233.9260  0.000E+00  0.000E+00  0.000E+00  0.000E+00  0.000E+00  0.000E+00  0.000E+00  0.000E+00  0.000E+00  0.000E+00  0.000E+00  0.000E+00  0.000E+00  0.000E+00  0.000E+00  0.000E+00  0.000E+00  0.000E+00  0.000E+00  0.000E+00  0.000E+00  0.000E+00  0.000E+00  0.000E+00
  236.6945  0.000E+00  0.000E+00  0.000E+00  0.000E+00  0.000E+00  0.000E+00  0.000E+00  0.000E+00  0.000E+00  0.000E+00  0.000E+00  0.000E+00  0.000E+00  0.000E+00  0.000E+00  0.000E+00  0.000E+00  0.000E+00  0.000E+00  0.000E+00  0.000E+00  0.000E+00  0.000E+00  0.000E+00
  239.5295  0.000E+00  0.000E+00  0.000E+00  0.000E+00  0.000E+00  0.000E+00  0.000E+00  0.000E+00  0.000E+00  0.000E+00  0.000E+00  0.000E+00  0.000E+00  0.000E+00  0.000E+00  0.000E+00  0.000E+00  0.000E+00  0.000E+00  0.000E+00  0.000E+00  0.000E+00  0.000E+00  0.000E+00
  242.4330  0.000E+00  0.000E+00  0.000E+00  0.000E+00  0.000E+00  0.000E+00  0.000E+00  0.000E+00  0.000E+00  0.000E+00  0.000E+00  0.000E+00  0.000E+00  0.000E+00  0.000E+00  0.000E+00  0.000E+00  0.000E+00  0.000E+00  0.000E+00  0.000E+00  0.000E+00  0.000E+00  0.000E+00
  245.4080  0.000E+00  0.000E+00  0.000E+00  0.000E+00  0.000E+00  0.000E+00  0.000E+00  0.000E+00  0.000E+00  0.000E+00  0.000E+00  0.000E+00  0.000E+00  0.000E+00  0.000E+00  0.000E+00  0.000E+00  0.000E+00  0.000E+00  0.000E+00  0.000E+00  0.000E+00  0.000E+00  0.000E+00
  248.4570  0.000E+00  0.000E+00  0.000E+00  0.000E+00  0.000E+00  0.000E+00  0.000E+00  0.000E+00  0.000E+00  0.000E+00  0.000E+00  0.000E+00  0.000E+00  0.000E+00  0.000E+00  0.000E+00  0.000E+00  0.000E+00  0.000E+00  0.000E+00  0.000E+00  0.000E+00  0.000E+00  0.000E+00
  251.5825  0.000E+00  0.000E+00  0.000E+00  0.000E+00  0.000E+00  0.000E+00  0.000E+00  0.000E+00  0.000E+00  0.000E+00  0.000E+00  0.000E+00  0.000E+00  0.000E+00  0.000E+00  0.000E+00  0.000E+00  0.000E+00  0.000E+00  0.000E+00  0.000E+00  0.000E+00  0.000E+00  0.000E+00
  254.7875  0.000E+00  0.000E+00  0.000E+00  0.000E+00  0.000E+00  0.000E+00  0.000E+00  0.000E+00  0.000E+00  0.000E+00  0.000E+00  0.000E+00  0.000E+00  0.000E+00  0.000E+00  0.000E+00  0.000E+00  0.000E+00  0.000E+00  0.000E+00  0.000E+00  0.000E+00  0.000E+00  0.000E+00
  258.0750  0.000E+00  0.000E+00  0.000E+00  0.000E+00  0.000E+00  0.000E+00  0.000E+00  0.000E+00  0.000E+00  0.000E+00  0.000E+00  0.000E+00  0.000E+00  0.000E+00  0.000E+00  0.000E+00  0.000E+00  0.000E+00  0.000E+00  0.000E+00  0.000E+00  0.000E+00  0.000E+00  0.000E+00
  261.4490  0.000E+00  0.000E+00  0.000E+00  0.000E+00  0.000E+00  0.000E+00  0.000E+00  0.000E+00  0.000E+00  0.000E+00  0.000E+00  0.000E+00  0.000E+00  0.000E+00  0.000E+00  0.000E+00  0.000E+00  0.000E+00  0.000E+00  0.000E+00  0.000E+00  0.000E+00  0.000E+00  0.000E+00
  264.9125  0.000E+00  0.000E+00  0.000E+00  0.000E+00  0.000E+00  0.000E+00  0.000E+00  0.000E+00  0.000E+00  0.000E+00  0.000E+00  0.000E+00  0.000E+00  0.000E+00  0.000E+00  0.000E+00  0.000E+00  0.000E+00  0.000E+00  0.000E+00  0.000E+00  0.000E+00  0.000E+00  0.000E+00
  268.4685  0.000E+00  0.000E+00  0.000E+00  0.000E+00  0.000E+00  0.000E+00  0.000E+00  0.000E+00  0.000E+00  0.000E+00  0.000E+00  0.000E+00  0.000E+00  0.000E+00  0.000E+00  0.000E+00  0.000E+00  0.000E+00  0.000E+00  0.000E+00  0.000E+00  0.000E+00  0.000E+00  0.000E+00
  272.1215  0.000E+00  0.000E+00  0.000E+00  0.000E+00  0.000E+00  0.000E+00  0.000E+00  0.000E+00  0.000E+00  0.000E+00  0.000E+00  0.000E+00  0.000E+00  0.000E+00  0.000E+00  0.000E+00  0.000E+00  0.000E+00  0.000E+00  0.000E+00  0.000E+00  0.000E+00  0.000E+00  0.000E+00
  275.8755  0.000E+00  0.000E+00  0.000E+00  0.000E+00  0.000E+00  0.000E+00  0.000E+00  0.000E+00  0.000E+00  0.000E+00  0.000E+00  0.000E+00  0.000E+00  0.000E+00  0.000E+00  0.000E+00  0.000E+00  0.000E+00  0.000E+00  0.000E+00  0.000E+00  0.000E+00  0.000E+00  0.000E+00
  279.7340  0.000E+00  0.000E+00  0.000E+00  0.000E+00  0.000E+00  0.000E+00  0.000E+00  0.000E+00  0.000E+00  0.000E+00  0.000E+00  0.000E+00  0.000E+00  0.000E+00  0.000E+00  0.000E+00  0.000E+00  0.000E+00  0.000E+00  0.000E+00  0.000E+00  0.000E+00  0.000E+00  0.000E+00
  283.7020  0.000E+00  0.000E+00  0.000E+00  0.000E+00  0.000E+00  0.000E+00  0.000E+00  0.000E+00  0.000E+00  0.000E+00  0.000E+00  0.000E+00  0.000E+00  0.000E+00  0.000E+00  0.000E+00  0.000E+00  0.000E+00  0.000E+00  0.000E+00  0.000E+00  0.000E+00  0.000E+00  0.000E+00
  287.7845  0.000E+00  0.000E+00  0.000E+00  0.000E+00  0.000E+00  0.000E+00  0.000E+00  0.000E+00  0.000E+00  0.000E+00  0.000E+00  0.000E+00  0.000E+00  0.000E+00  0.000E+00  0.000E+00  0.000E+00  0.000E+00  0.000E+00  0.000E+00  0.000E+00  0.000E+00  0.000E+00  0.000E+00
  291.9865  5.226E+05  2.367E+05  5.287E+04  1.136E+04  1.302E+04  6.631E+04  2.685E+05  5.648E+05  9.572E+05  1.560E+06  2.645E+06  5.763E+06  2.450E+07  1.045E+08  2.705E+08  4.215E+08  4.107E+08  2.497E+08  9.094E+07  2.050E+07  5.134E+06  2.486E+06  1.479E+06  9.103E+05
  296.3090  8.240E+07  3.601E+07  8.258E+06  1.840E+06  2.100E+06  1.030E+07  4.092E+07  8.968E+07  1.628E+08  2.916E+08  6.520E+08  2.651E+09  1.080E+10  2.911E+10  5.302E+10  6.976E+10  6.865E+10  5.044E+10  2.661E+10  9.426E+09  2.239E+09  5.817E+08  2.730E+08  1.536E+08
  300.5000  1.704E+09  6.945E+08  1.602E+08  3.696E+07  4.208E+07  1.987E+08  7.940E+08  1.876E+09  3.804E+09  8.900E+09  3.558E+10  1.411E+11  3.793E+11  7.218E+11  1.057E+12  1.258E+12  1.245E+12  1.024E+12  6.815E+11  3.464E+11  1.236E+11  3.022E+10  7.950E+09  3.542E+09
  303.0000  9.249E+09  3.521E+09  8.029E+08  1.895E+08  2.152E+08  9.931E+08  4.052E+09  1.030E+10  2.361E+10  7.821E+10  3.381E+11  1.059E+12  2.290E+12  3.754E+12  5.028E+12  5.742E+12  5.698E+12  4.908E+12  3.593E+12  2.135E+12  9.534E+11  2.918E+11  6.718E+10  2.155E+10
  304.0000  1.226E+10  4.557E+09  1.033E+09  2.452E+08  2.783E+08  1.277E+09  5.257E+09  1.371E+10  3.319E+10  1.214E+11  5.091E+11  1.486E+12  3.041E+12  4.809E+12  6.302E+12  7.126E+12  7.075E+12  6.162E+12  4.617E+12  2.850E+12  1.347E+12  4.427E+11  1.038E+11  3.000E+10
  305.0000  2.184E+10  7.794E+09  1.747E+09  4.184E+08  4.747E+08  2.158E+09  9.027E+09  2.457E+10  6.584E+10  2.690E+11  1.050E+12  2.782E+12  5.305E+12  8.010E+12  1.021E+13  1.141E+13  1.133E+13  1.001E+13  7.722E+12  5.004E+12  2.546E+12  9.229E+11  2.294E+11  5.857E+10
  306.0000  2.483E+10  8.582E+09  1.904E+09  4.592E+08  5.204E+08  2.351E+09  9.972E+09  2.809E+10  8.208E+10  3.526E+11  1.293E+12  3.210E+12  5.846E+12  8.567E+12  1.073E+13  1.189E+13  1.182E+13  1.053E+13  8.281E+12  5.538E+12  2.956E+12  1.145E+12  3.012E+11  7.215E+10
  307.0000  3.992E+10  1.320E+10  2.888E+09  7.012E+08  7.943E+08  3.565E+09  1.541E+10  4.552E+10  1.490E+11  6.550E+11  2.218E+12  5.129E+12  8.892E+12  1.263E+13  1.552E+13  1.705E+13  1.696E+13  1.526E+13  1.224E+13  8.461E+12  4.755E+12  1.983E+12  5.627E+11  1.294E+11
  308.0000  5.937E+10  1.864E+10  4.003E+09  9.794E+08  1.108E+09  4.942E+09  2.186E+10  6.844E+10  2.512E+11  1.088E+12  3.391E+12  7.330E+12  1.214E+13  1.675E+13  2.024E+13  2.206E+13  2.195E+13  1.993E+13  1.628E+13  1.160E+13  6.838E+12  3.057E+12  9.416E+11  2.162E+11
  309.0000  7.151E+10  2.165E+10  4.591E+09  1.129E+09  1.277E+09  5.668E+09  2.548E+10  8.306E+10  3.255E+11  1.378E+12  4.094E+12  8.519E+12  1.376E+13  1.866E+13  2.233E+13  2.423E+13  2.411E+13  2.200E+13  1.816E+13  1.317E+13  7.975E+12  3.710E+12  1.200E+12  2.792E+11
  310.0000  9.774E+10  2.706E+10  5.558E+09  1.378E+09  1.556E+09  6.866E+09  3.212E+10  1.157E+11  5.017E+11  1.969E+12  5.296E+12  1.026E+13  1.580E+13  2.081E+13  2.446E+13  2.633E+13  2.622E+13  2.414E+13  2.030E+13  1.520E+13  9.667E+12  4.845E+12  1.734E+12  4.301E+11
  311.0000  1.925E+11  5.097E+10  1.030E+10  2.562E+09  2.892E+09  1.272E+10  6.074E+10  2.298E+11  1.028E+12  3.880E+12  1.001E+13  1.882E+13  2.842E+13  3.695E+13  4.312E+13  4.625E+13  4.606E+13  4.257E+13  3.610E+13  2.739E+13  1.778E+13  9.193E+12  3.434E+12  8.822E+11
  312.0000  2.221E+11  5.443E+10  1.067E+10  2.666E+09  3.009E+09  1.320E+10  6.531E+10  2.686E+11  1.228E+12  4.333E+12  1.051E+13  1.893E+13  2.781E+13  3.551E+13  4.102E+13  4.379E+13  4.362E+13  4.053E+13  3.475E+13  2.686E+13  1.795E+13  9.704E+12  3.863E+12  1.059E+12
  313.0000  3.335E+11  7.492E+10  1.413E+10  3.543E+09  3.993E+09  1.751E+10  9.066E+10  4.076E+11  1.847E+12  6.034E+12  1.375E+13  2.377E+13  3.398E+13  4.266E+13  4.877E+13  5.183E+13  5.165E+13  4.823E+13  4.180E+13  3.290E+13  2.263E+13  1.277E+13  5.423E+12  1.603E+12
  314.0000  4.122E+11  8.928E+10  1.656E+10  4.159E+09  4.686E+09  2.054E+10  1.084E+11  5.055E+11  2.271E+12  7.201E+12  1.603E+13  2.725E+13  3.853E+13  4.803E+13  5.468E+13  5.800E+13  5.780E+13  5.410E+13  4.710E+13  3.734E+13  2.598E+13  1.492E+13  6.493E+12  1.977E+12
  316.0000  7.232E+11  1.373E+11  2.338E+10  5.879E+09  6.612E+09  2.914E+10  1.696E+11  8.903E+11  3.645E+12  1.017E+13  2.065E+13  3.303E+13  4.491E+13  5.460E+13  6.126E+13  6.454E+13  6.434E+13  6.067E+13  5.366E+13  4.368E+13  3.166E+13  1.938E+13  9.278E+12  3.218E+12
  320.0000  1.846E+12  3.268E+11  4.858E+10  1.205E+10  1.353E+10  6.119E+10  4.128E+11  2.240E+12  7.703E+12  1.858E+13  3.411E+13  5.109E+13  6.651E+13  7.865E+13  8.681E+13  9.078E+13  9.055E+13  8.610E+13  7.749E+13  6.494E+13  4.926E+13  3.230E+13  1.716E+13  6.921E+12
  325.0000  4.351E+12  8.503E+11  1.124E+11  2.680E+10  3.006E+10  1.437E+11  1.079E+12  5.140E+12  1.474E+13  3.157E+13  5.357E+13  7.608E+13  9.563E+13  1.106E+14  1.204E+14  1.252E+14  1.249E+14  1.196E+14  1.092E+14  9.367E+13  7.371E+13  5.109E+13  2.947E+13  1.344E+13
  330.0000  7.290E+12  1.593E+12  2.067E+11  4.761E+10  5.344E+10  2.661E+11  2.002E+12  8.482E+12  2.231E+13  4.540E+13  7.420E+13  1.026E+14  1.266E+14  1.446E+14  1.564E+14  1.620E+14  1.617E+14  1.554E+14  1.429E+14  1.242E+14  9.964E+13  7.101E+13  4.258E+13  2.048E+13
  335.0000  8.439E+12  2.021E+12  2.666E+11  5.980E+10  6.721E+10  3.443E+11  2.513E+12  9.722E+12  2.428E+13  4.792E+13  7.639E+13  1.036E+14  1.262E+14  1.430E+14  1.538E+14  1.589E+14  1.586E+14  1.528E+14  1.414E+14  1.240E+14  1.008E+14  7.328E+13  4.509E+13  2.237E+13
  340.0000  1.011E+13  2.521E+12  3.360E+11  7.420E+10  8.348E+10  4.346E+11  3.118E+12  1.160E+13  2.850E+13  5.559E+13  8.737E+13  1.172E+14  1.415E+14  1.593E+14  1.707E+14  1.761E+14  1.758E+14  1.697E+14  1.576E+14  1.391E+14  1.141E+14  8.394E+13  5.237E+13  2.629E+13
  345.0000  1.060E+13  2.694E+12  3.605E+11  7.883E+10  8.875E+10  4.668E+11  3.324E+12  1.214E+13  2.974E+13  5.768E+13  8.973E+13  1.192E+14  1.430E+14  1.602E+14  1.712E+14  1.764E+14  1.761E+14  1.703E+14  1.586E+14  1.407E+14  1.162E+14  8.630E+13  5.439E+13  2.743E+13
  350.0000  1.141E+13  2.885E+12  3.823E+11  8.306E+10  9.354E+10  4.955E+11  3.563E+12  1.308E+13  3.233E+13  6.269E+13  9.686E+13  1.278E+14  1.525E+14  1.702E+14  1.815E+14  1.868E+14  1.865E+14  1.805E+14  1.686E+14  1.501E+14  1.247E+14  9.323E+13  5.915E+13  2.980E+13
  355.0000  1.254E+13  3.183E+12  4.195E+11  9.039E+10  1.019E+11  5.444E+11  3.930E+12  1.438E+13  3.575E+13  6.911E+13  1.059E+14  1.386E+14  1.645E+14  1.830E+14  1.946E+14  2.001E+14  1.998E+14  1.936E+14  1.812E+14  1.620E+14  1.354E+14  1.020E+14  6.526E+13  3.295E+13
  360.0000  1.186E+13  3.007E+12  3.929E+11  8.395E+10  9.470E+10  5.106E+11  3.713E+12  1.361E+13  3.409E+13  6.569E+13  9.983E+13  1.298E+14  1.532E+14  1.698E+14  1.803E+14  1.852E+14  1.849E+14  1.794E+14  1.683E+14  1.510E+14  1.268E+14  9.627E+13  6.207E+13  3.140E+13
  365.0000  1.558E+13  3.938E+12  5.104E+11  1.086E+11  1.225E+11  6.640E+11  4.867E+12  1.788E+13  4.516E+13  8.672E+13  1.307E+14  1.689E+14  1.983E+14  2.191E+14  2.321E+14  2.382E+14  2.378E+14  2.310E+14  2.172E+14  1.955E+14  1.651E+14  1.262E+14  8.200E+13  4.159E+13
  370.0000  1.670E+13  4.209E+12  5.397E+11  1.138E+11  1.286E+11  7.029E+11  5.205E+12  1.920E+13  4.889E+13  9.348E+13  1.398E+14  1.794E+14  2.097E+14  2.310E+14  2.443E+14  2.504E+14  2.501E+14  2.431E+14  2.291E+14  2.068E+14  1.755E+14  1.351E+14  8.847E+13  4.501E+13
  375.0000  1.555E+13  3.904E+12  4.956E+11  1.035E+11  1.168E+11  6.464E+11  4.831E+12  1.790E+13  4.597E+13  8.747E+13  1.298E+14  1.655E+14  1.926E+14  2.115E+14  2.233E+14  2.287E+14  2.284E+14  2.223E+14  2.098E+14  1.900E+14  1.620E+14  1.255E+14  8.285E+13  4.230E+13
  380.0000  1.843E+13  4.608E+12  5.799E+11  1.214E+11  1.368E+11  7.573E+11  5.706E+12  2.124E+13  5.498E+13  1.040E+14  1.532E+14  1.941E+14  2.250E+14  2.464E+14  2.596E+14  2.657E+14  2.654E+14  2.585E+14  2.444E+14  2.220E+14  1.901E+14  1.482E+14  9.864E+13  5.060E+13
  385.0000  1.433E+13  3.566E+12  4.441E+11  9.218E+10  1.040E+11  5.806E+11  4.418E+12  1.653E+13  4.311E+13  8.109E+13  1.185E+14  1.492E+14  1.722E+14  1.881E+14  1.979E+14  2.024E+14  2.022E+14  1.971E+14  1.867E+14  1.700E+14  1.462E+14  1.147E+14  7.694E+13  3.967E+13
  390.0000  1.928E+13  4.778E+12  5.877E+11  1.206E+11  1.363E+11  7.697E+11  5.924E+12  2.228E+13  5.852E+13  1.094E+14  1.585E+14  1.986E+14  2.283E+14  2.487E+14  2.612E+14  2.670E+14  2.667E+14  2.602E+14  2.468E+14  2.255E+14  1.947E+14  1.536E+14  1.039E+14  5.386E+13
  395.0000  1.542E+13  3.803E+12  4.623E+11  9.381E+10  1.060E+11  6.065E+11  4.718E+12  1.784E+13  4.717E+13  8.755E+13  1.259E+14  1.569E+14  1.797E+14  1.953E+14  2.048E+14  2.092E+14  2.089E+14  2.040E+14  1.938E+14  1.775E+14  1.539E+14  1.221E+14  8.321E+13  4.342E+13
  400.0000  2.951E+13  7.246E+12  8.710E+11  1.747E+11  1.977E+11  1.145E+12  8.994E+12  3.421E+13  9.094E+13  1.676E+14  2.393E+14  2.964E+14  3.383E+14  3.668E+14  3.842E+14  3.922E+14  3.917E+14  3.827E+14  3.642E+14  3.343E+14  2.909E+14  2.321E+14  1.594E+14  8.374E+13
  405.0000  3.101E+13  7.578E+12  9.023E+11  1.801E+11  2.038E+11  1.187E+12  9.410E+12  3.601E+13  9.622E+13  1.760E+14  2.494E+14  3.074E+14  3.497E+14  3.783E+14  3.957E+14  4.037E+14  4.033E+14  3.943E+14  3.757E+14  3.457E+14  3.018E+14  2.422E+14  1.676E+14  8.864E+13
  410.0000  3.295E+13  8.008E+12  9.425E+11  1.859E+11  2.108E+11  1.242E+12  9.950E+12  3.833E+13  1.029E+14  1.867E+14  2.628E+14  3.223E+14  3.654E+14  3.945E+14  4.121E+14  4.202E+14  4.198E+14  4.107E+14  3.918E+14  3.613E+14  3.166E+14  2.553E+14  1.779E+14  9.482E+13
  415.0000  3.539E+13  8.557E+12  9.961E+11  1.950E+11  2.211E+11  1.315E+12  1.064E+13  4.124E+13  1.111E+14  2.000E+14  2.795E+14  3.412E+14  3.856E+14  4.155E+14  4.336E+14  4.419E+14  4.414E+14  4.321E+14  4.128E+14  3.815E+14  3.353E+14  2.718E+14  1.908E+14  1.024E+14
  420.0000  3.680E+13  8.848E+12  1.019E+12  1.977E+11  2.242E+11  1.347E+12  1.100E+13  4.297E+13  1.161E+14  2.074E+14  2.879E+14  3.498E+14  3.942E+14  4.239E+14  4.419E+14  4.501E+14  4.496E+14  4.404E+14  4.212E+14  3.900E+14  3.439E+14  2.800E+14  1.980E+14  1.071E+14
  425.0000  3.616E+13  8.633E+12  9.831E+11  1.892E+11  2.148E+11  1.302E+12  1.074E+13  4.230E+13  1.146E+14  2.031E+14  2.802E+14  3.389E+14  3.809E+14  4.089E+14  4.258E+14  4.335E+14  4.330E+14  4.243E+14  4.063E+14  3.769E+14  3.333E+14  2.727E+14  1.941E+14  1.058E+14
  430.0000  3.438E+13  8.160E+12  9.195E+11  1.750E+11  1.987E+11  1.220E+12  1.015E+13  4.029E+13  1.093E+14  1.922E+14  2.634E+14  3.173E+14  3.556E+14  3.811E+14  3.964E+14  4.034E+14  4.030E+14  3.951E+14  3.788E+14  3.520E+14  3.122E+14  2.565E+14  1.838E+14  1.010E+14
  435.0000  4.110E+13  9.686E+12  1.080E+12  2.040E+11  2.317E+11  1.436E+12  1.205E+13  4.826E+13  1.311E+14  2.286E+14  3.114E+14  3.736E+14  4.176E+14  4.468E+14  4.644E+14  4.723E+14  4.719E+14  4.629E+14  4.442E+14  4.135E+14  3.677E+14  3.034E+14  2.188E+14  1.212E+14
  440.0000  4.345E+13  1.015E+13  1.118E+12  2.093E+11  2.378E+11  1.490E+12  1.263E+13  5.112E+13  1.390E+14  2.407E+14  3.259E+14  3.895E+14  4.344E+14  4.641E+14  4.819E+14  4.900E+14  4.895E+14  4.804E+14  4.614E+14  4.302E+14  3.835E+14  3.177E+14  2.305E+14  1.286E+14
  445.0000  4.801E+13  1.112E+13  1.212E+12  2.248E+11  2.556E+11  1.618E+12  1.385E+13  5.660E+13  1.539E+14  2.644E+14  3.560E+14  4.240E+14  4.717E+14  5.032E+14  5.221E+14  5.306E+14  5.301E+14  5.205E+14  5.004E+14  4.672E+14  4.176E+14  3.472E+14  2.534E+14  1.425E+14
  450.0000  5.258E+13  1.208E+13  1.304E+12  2.391E+11  2.721E+11  1.744E+12  1.504E+13  6.209E+13  1.687E+14  2.876E+14  3.850E+14  4.569E+14  5.071E+14  5.403E+14  5.601E+14  5.690E+14  5.685E+14  5.584E+14  5.373E+14  5.025E+14  4.501E+14  3.757E+14  2.758E+14  1.563E+14
  455.0000  5.292E+13  1.205E+13  1.287E+12  2.336E+11  2.660E+11  1.725E+12  1.501E+13  6.261E+13  1.700E+14  2.875E+14  3.828E+14  4.528E+14  5.016E+14  5.337E+14  5.528E+14  5.614E+14  5.609E+14  5.512E+14  5.308E+14  4.970E+14  4.462E+14  3.738E+14  2.759E+14  1.576E+14
  460.0000  5.558E+13  1.244E+13  1.306E+12  2.346E+11  2.673E+11  1.755E+12  1.552E+13  6.591E+13  1.792E+14  3.012E+14  3.994E+14  4.711E+14  5.209E+14  5.536E+14  5.731E+14  5.819E+14  5.814E+14  5.715E+14  5.507E+14  5.163E+14  4.644E+14  3.901E+14  2.893E+14  1.662E+14
  465.0000  5.662E+13  1.257E+13  1.309E+12  2.329E+11  2.655E+11  1.763E+12  1.568E+13  6.724E+13  1.823E+14  3.041E+14  4.011E+14  4.716E+14  5.204E+14  5.525E+14  5.715E+14  5.801E+14  5.796E+14  5.699E+14  5.496E+14  5.159E+14  4.650E+14  3.920E+14  2.922E+14  1.692E+14
  470.0000  5.788E+13  1.272E+13  1.312E+12  2.309E+11  2.634E+11  1.771E+12  1.586E+13  6.884E+13  1.862E+14  3.084E+14  4.049E+14  4.746E+14  5.228E+14  5.543E+14  5.730E+14  5.815E+14  5.810E+14  5.714E+14  5.514E+14  5.183E+14  4.681E+14  3.958E+14  2.965E+14  1.730E+14
  475.0000  6.006E+13  1.303E+13  1.329E+12  2.315E+11  2.642E+11  1.798E+12  1.626E+13  7.156E+13  1.931E+14  3.177E+14  4.153E+14  4.856E+14  5.339E+14  5.655E+14  5.843E+14  5.927E+14  5.922E+14  5.827E+14  5.627E+14  5.294E+14  4.790E+14  4.061E+14  3.057E+14  1.796E+14
  480.0000  6.248E+13  1.320E+13  1.313E+12  2.259E+11  2.579E+11  1.782E+12  1.652E+13  7.463E+13  2.020E+14  3.311E+14  4.315E+14  5.036E+14  5.532E+14  5.855E+14  6.047E+14  6.133E+14  6.128E+14  6.031E+14  5.826E+14  5.486E+14  4.969E+14  4.221E+14  3.187E+14  1.879E+14
  485.0000  5.819E+13  1.214E+13  1.194E+12  2.031E+11  2.320E+11  1.624E+12  1.519E+13  6.961E+13  1.878E+14  3.060E+14  3.972E+14  4.624E+14  5.071E+14  5.363E+14  5.535E+14  5.613E+14  5.608E+14  5.521E+14  5.336E+14  5.030E+14  4.563E+14  3.887E+14  2.947E+14  1.749E+14
  490.0000  6.245E+13  1.291E+13  1.264E+12  2.127E+11  2.432E+11  1.724E+12  1.615E+13  7.477E+13  2.007E+14  3.246E+14  4.195E+14  4.871E+14  5.333E+14  5.634E+14  5.812E+14  5.892E+14  5.887E+14  5.797E+14  5.607E+14  5.290E+14  4.808E+14  4.107E+14  3.128E+14  1.870E+14
  495.0000  6.510E+13  1.325E+13  1.284E+12  2.133E+11  2.440E+11  1.754E+12  1.659E+13  7.805E+13  2.089E+14  3.359E+14  4.326E+14  5.012E+14  5.480E+14  5.784E+14  5.964E+14  6.045E+14  6.040E+14  5.949E+14  5.757E+14  5.437E+14  4.948E+14  4.236E+14  3.239E+14  1.948E+14
  500.0000  6.265E+13  1.239E+13  1.170E+12  1.919E+11  2.197E+11  1.604E+12  1.555E+13  7.529E+13  2.019E+14  3.238E+14  4.161E+14  4.814E+14  5.260E+14  5.549E+14  5.720E+14  5.797E+14  5.793E+14  5.706E+14  5.523E+14  5.219E+14  4.753E+14  4.075E+14  3.123E+14  1.883E+14
  505.0000  6.374E+13  1.216E+13  1.110E+12  1.799E+11  2.060E+11  1.529E+12  1.532E+13  7.681E+13  2.070E+14  3.315E+14  4.255E+14  4.919E+14  5.372E+14  5.666E+14  5.839E+14  5.918E+14  5.913E+14  5.825E+14  5.639E+14  5.330E+14  4.857E+14  4.167E+14  3.197E+14  1.931E+14
  510.0000  6.514E+13  1.232E+13  1.123E+12  1.796E+11  2.058E+11  1.549E+12  1.551E+13  7.853E+13  2.102E+14  3.344E+14  4.275E+14  4.931E+14  5.377E+14  5.666E+14  5.837E+14  5.914E+14  5.909E+14  5.823E+14  5.640E+14  5.336E+14  4.870E+14  4.189E+14  3.227E+14  1.963E+14
  515.0000  6.183E+13  1.152E+13  1.042E+12  1.646E+11  1.887E+11  1.441E+12  1.451E+13  7.460E+13  1.988E+14  3.146E+14  4.009E+14  4.615E+14  5.026E+14  5.293E+14  5.450E+14  5.521E+14  5.517E+14  5.437E+14  5.269E+14  4.988E+14  4.558E+14  3.929E+14  3.037E+14  1.857E+14
  520.0000  6.460E+13  1.178E+13  1.050E+12  1.636E+11  1.877E+11  1.455E+12  1.485E+13  7.804E+13  2.077E+14  3.273E+14  4.160E+14  4.782E+14  5.204E+14  5.478E+14  5.639E+14  5.711E+14  5.707E+14  5.625E+14  5.453E+14  5.165E+14  4.724E+14  4.078E+14  3.161E+14  1.941E+14
  525.0000  6.505E+13  1.146E+13  9.943E+11  1.528E+11  1.754E+11  1.383E+12  1.450E+13  7.875E+13  2.101E+14  3.307E+14  4.200E+14  4.825E+14  5.249E+14  5.523E+14  5.685E+14  5.758E+14  5.753E+14  5.671E+14  5.498E+14  5.209E+14  4.767E+14  4.117E+14  3.195E+14  1.964E+14
  530.0000  6.815E+13  1.151E+13  9.634E+11  1.461E+11  1.677E+11  1.346E+12  1.464E+13  8.272E+13  2.221E+14  3.497E+14  4.440E+14  5.101E+14  5.549E+14  5.839E+14  6.010E+14  6.087E+14  6.083E+14  5.996E+14  5.813E+14  5.508E+14  5.040E+14  4.353E+14  3.378E+14  2.075E+14
  535.0000  6.690E+13  1.103E+13  9.085E+11  1.358E+11  1.560E+11  1.273E+12  1.404E+13  8.130E+13  2.180E+14  3.423E+14  4.338E+14  4.978E+14  5.412E+14  5.693E+14  5.859E+14  5.933E+14  5.929E+14  5.845E+14  5.668E+14  5.372E+14  4.919E+14  4.254E+14  3.307E+14  2.038E+14
  540.0000  6.848E+13  1.112E+13  9.118E+11  1.343E+11  1.545E+11  1.280E+12  1.416E+13  8.325E+13  2.221E+14  3.471E+14  4.388E+14  5.027E+14  5.460E+14  5.740E+14  5.905E+14  5.980E+14  5.975E+14  5.891E+14  5.715E+14  5.420E+14  4.968E+14  4.303E+14  3.355E+14  2.078E+14
  545.0000  7.018E+13  1.109E+13  8.945E+11  1.299E+11  1.494E+11  1.259E+12  1.416E+13  8.542E+13  2.278E+14  3.552E+14  4.484E+14  5.133E+14  5.573E+14  5.857E+14  6.025E+14  6.100E+14  6.096E+14  6.011E+14  5.831E+14  5.532E+14  5.073E+14  4.398E+14  3.434E+14  2.132E+14
  550.0000  7.139E+13  1.103E+13  8.792E+11  1.257E+11  1.448E+11  1.240E+12  1.410E+13  8.696E+13  2.314E+14  3.598E+14  4.534E+14  5.185E+14  5.626E+14  5.911E+14  6.079E+14  6.154E+14  6.150E+14  6.065E+14  5.885E+14  5.585E+14  5.125E+14  4.448E+14  3.479E+14  2.166E+14
  555.0000  7.208E+13  1.085E+13  8.542E+11  1.197E+11  1.380E+11  1.208E+12  1.388E+13  8.786E+13  2.330E+14  3.608E+14  4.537E+14  5.182E+14  5.618E+14  5.900E+14  6.066E+14  6.141E+14  6.136E+14  6.052E+14  5.875E+14  5.578E+14  5.122E+14  4.452E+14  3.490E+14  2.182E+14
  560.0000  7.016E+13  1.018E+13  7.820E+11  1.079E+11  1.245E+11  1.109E+12  1.308E+13  8.568E+13  2.280E+14  3.532E+14  4.440E+14  5.072E+14  5.498E+14  5.774E+14  5.937E+14  6.010E+14  6.006E+14  5.923E+14  5.750E+14  5.459E+14  5.013E+14  4.357E+14  3.416E+14  2.135E+14
  565.0000  7.001E+13  9.774E+12  7.317E+11  9.942E+10  1.147E+11  1.041E+12  1.261E+13  8.565E+13  2.289E+14  3.548E+14  4.462E+14  5.097E+14  5.527E+14  5.805E+14  5.969E+14  6.043E+14  6.038E+14  5.955E+14  5.780E+14  5.487E+14  5.038E+14  4.378E+14  3.432E+14  2.143E+14
  570.0000  7.002E+13  9.493E+12  6.997E+11  9.364E+10  1.081E+11  9.981E+11  1.228E+13  8.574E+13  2.293E+14  3.550E+14  4.462E+14  5.095E+14  5.523E+14  5.800E+14  5.964E+14  6.038E+14  6.033E+14  5.950E+14  5.775E+14  5.484E+14  5.036E+14  4.378E+14  3.434E+14  2.147E+14
  575.0000  7.231E+13  9.611E+12  7.049E+11  9.280E+10  1.072E+11  1.007E+12  1.245E+13  8.857E+13  2.361E+14  3.645E+14  4.574E+14  5.218E+14  5.654E+14  5.936E+14  6.102E+14  6.177E+14  6.172E+14  6.088E+14  5.910E+14  5.613E+14  5.158E+14  4.488E+14  3.526E+14  2.211E+14
  580.0000  7.376E+13  9.804E+12  7.307E+11  9.466E+10  1.096E+11  1.044E+12  1.267E+13  9.023E+13  2.377E+14  3.646E+14  4.558E+14  5.189E+14  5.615E+14  5.891E+14  6.054E+14  6.127E+14  6.123E+14  6.040E+14  5.866E+14  5.576E+14  5.131E+14  4.474E+14  3.529E+14  2.229E+14
  585.0000  7.661E+13  1.019E+13  7.738E+11  9.869E+10  1.144E+11  1.105E+12  1.314E+13  9.356E+13  2.435E+14  3.709E+14  4.621E+14  5.250E+14  5.674E+14  5.948E+14  6.109E+14  6.182E+14  6.178E+14  6.096E+14  5.923E+14  5.635E+14  5.192E+14  4.537E+14  3.593E+14  2.286E+14
  590.0000  7.576E+13  9.977E+12  7.622E+11  9.564E+10  1.110E+11  1.088E+12  1.286E+13  9.247E+13  2.390E+14  3.624E+14  4.503E+14  5.109E+14  5.518E+14  5.781E+14  5.937E+14  6.007E+14  6.003E+14  5.924E+14  5.758E+14  5.480E+14  5.053E+14  4.423E+14  3.511E+14  2.244E+14
  595.0000  7.759E+13  9.925E+12  7.484E+11  9.242E+10  1.074E+11  1.070E+12  1.282E+13  9.478E+13  2.451E+14  3.715E+14  4.616E+14  5.236E+14  5.654E+14  5.925E+14  6.084E+14  6.156E+14  6.151E+14  6.070E+14  5.900E+14  5.616E+14  5.179E+14  4.534E+14  3.600E+14  2.302E+14
  600.0000  7.553E+13  9.329E+12  6.904E+11  8.389E+10  9.756E+10  9.894E+11  1.210E+13  9.238E+13  2.397E+14  3.636E+14  4.519E+14  5.128E+14  5.538E+14  5.804E+14  5.960E+14  6.031E+14  6.027E+14  5.947E+14  5.780E+14  5.500E+14  5.072E+14  4.438E+14  3.523E+14  2.251E+14
  605.0000  7.807E+13  9.527E+12  7.091E+11  8.482E+10  9.878E+10  1.016E+12  1.236E+13  9.543E+13  2.461E+14  3.719E+14  4.613E+14  5.229E+14  5.644E+14  5.912E+14  6.070E+14  6.141E+14  6.137E+14  6.057E+14  5.888E+14  5.605E+14  5.172E+14  4.531E+14  3.604E+14  2.312E+14
  610.0000  8.085E+13  9.992E+12  7.681E+11  9.068E+10  1.058E+11  1.099E+12  1.291E+13  9.857E+13  2.500E+14  3.746E+14  4.625E+14  5.228E+14  5.634E+14  5.896E+14  6.051E+14  6.121E+14  6.116E+14  6.038E+14  5.873E+14  5.597E+14  5.173E+14  4.545E+14  3.632E+14  2.351E+14
  615.0000  8.307E+13  1.043E+13  8.325E+11  9.721E+10  1.137E+11  1.187E+12  1.342E+13  1.010E+14  2.515E+14  3.734E+14  4.588E+14  5.172E+14  5.564E+14  5.818E+14  5.966E+14  6.034E+14  6.030E+14  5.954E+14  5.795E+14  5.528E+14  5.118E+14  4.510E+14  3.624E+14  2.369E+14
  620.0000  8.811E+13  1.119E+13  9.214E+11  1.067E+11  1.249E+11  1.311E+12  1.434E+13  1.069E+14  2.621E+14  3.860E+14  4.722E+14  5.311E+14  5.705E+14  5.959E+14  6.109E+14  6.176E+14  6.172E+14  6.096E+14  5.936E+14  5.669E+14  5.256E+14  4.644E+14  3.748E+14  2.471E+14
  625.0000  8.964E+13  1.144E+13  9.678E+11  1.110E+11  1.301E+11  1.374E+12  1.462E+13  1.085E+14  2.625E+14  3.840E+14  4.682E+14  5.254E+14  5.638E+14  5.884E+14  6.030E+14  6.095E+14  6.091E+14  6.017E+14  5.862E+14  5.602E+14  5.201E+14  4.605E+14  3.731E+14  2.478E+14
  630.0000  9.345E+13  1.201E+13  1.046E+12  1.191E+11  1.399E+11  1.482E+12  1.531E+13  1.128E+14  2.693E+14  3.912E+14  4.751E+14  5.321E+14  5.701E+14  5.947E+14  6.091E+14  6.156E+14  6.152E+14  6.079E+14  5.924E+14  5.666E+14  5.268E+14  4.675E+14  3.802E+14  2.545E+14
  635.0000  9.675E+13  1.255E+13  1.128E+12  1.278E+11  1.503E+11  1.593E+12  1.595E+13  1.165E+14  2.742E+14  3.953E+14  4.783E+14  5.344E+14  5.719E+14  5.961E+14  6.102E+14  6.166E+14  6.162E+14  6.090E+14  5.939E+14  5.685E+14  5.292E+14  4.708E+14  3.845E+14  2.594E+14
  640.0000  9.975E+13  1.307E+13  1.213E+12  1.370E+11  1.612E+11  1.708E+12  1.655E+13  1.199E+14  2.779E+14  3.977E+14  4.793E+14  5.343E+14  5.711E+14  5.947E+14  6.086E+14  6.148E+14  6.144E+14  6.074E+14  5.926E+14  5.677E+14  5.293E+14  4.719E+14  3.870E+14  2.632E+14
  644.8000  1.030E+14  1.359E+13  1.298E+12  1.461E+11  1.723E+11  1.824E+12  1.717E+13  1.235E+14  2.826E+14  4.017E+14  4.825E+14  5.369E+14  5.732E+14  5.964E+14  6.101E+14  6.162E+14  6.159E+14  6.089E+14  5.943E+14  5.698E+14  5.319E+14  4.752E+14  3.912E+14  2.679E+14
  651.0500  1.062E+14  1.407E+13  1.388E+12  1.555E+11  1.836E+11  1.943E+12  1.774E+13  1.270E+14  2.864E+14  4.042E+14  4.836E+14  5.369E+14  5.724E+14  5.952E+14  6.086E+14  6.146E+14  6.142E+14  6.074E+14  5.931E+14  5.691E+14  5.320E+14  4.764E+14  3.938E+14  2.718E+14
  660.0000  1.072E+14  1.429E+13  1.475E+12  1.646E+11  1.948E+11  2.056E+12  1.795E+13  1.278E+14  2.821E+14  3.939E+14  4.687E+14  5.187E+14  5.520E+14  5.733E+14  5.858E+14  5.915E+14  5.911E+14  5.848E+14  5.714E+14  5.489E+14  5.141E+14  4.619E+14  3.840E+14  2.681E+14
  670.0000  1.177E+14  1.581E+13  1.717E+12  1.914E+11  2.269E+11  2.381E+12  1.979E+13  1.397E+14  3.015E+14  4.162E+14  4.923E+14  5.431E+14  5.768E+14  5.984E+14  6.110E+14  6.167E+14  6.164E+14  6.099E+14  5.964E+14  5.737E+14  5.384E+14  4.855E+14  4.062E+14  2.870E+14
  680.0000  1.228E+14  1.653E+13  1.878E+12  2.092E+11  2.484E+11  2.591E+12  2.065E+13  1.453E+14  3.072E+14  4.198E+14  4.940E+14  5.433E+14  5.760E+14  5.969E+14  6.092E+14  6.147E+14  6.143E+14  6.081E+14  5.950E+14  5.729E+14  5.387E+14  4.873E+14  4.100E+14  2.928E+14
  690.0000  1.279E+14  1.717E+13  2.027E+12  2.254E+11  2.681E+11  2.784E+12  2.143E+13  1.508E+14  3.130E+14  4.241E+14  4.967E+14  5.449E+14  5.768E+14  5.972E+14  6.092E+14  6.146E+14  6.143E+14  6.082E+14  5.954E+14  5.739E+14  5.405E+14  4.902E+14  4.145E+14  2.989E+14
  700.0000  1.327E+14  1.778E+13  2.182E+12  2.425E+11  2.890E+11  2.983E+12  2.218E+13  1.560E+14  3.180E+14  4.270E+14  4.979E+14  5.448E+14  5.759E+14  5.957E+14  6.074E+14  6.126E+14  6.123E+14  6.064E+14  5.939E+14  5.730E+14  5.405E+14  4.915E+14  4.176E+14  3.039E+14
  710.0000  1.356E+14  1.801E+13  2.273E+12  2.522E+11  3.009E+11  3.097E+12  2.248E+13  1.590E+14  3.194E+14  4.260E+14  4.949E+14  5.404E+14  5.706E+14  5.899E+14  6.011E+14  6.062E+14  6.059E+14  6.002E+14  5.881E+14  5.678E+14  5.362E+14  4.887E+14  4.168E+14  3.056E+14
  720.0000  1.368E+14  1.797E+13  2.327E+12  2.572E+11  3.074E+11  3.160E+12  2.247E+13  1.600E+14  3.172E+14  4.203E+14  4.868E+14  5.306E+14  5.596E+14  5.782E+14  5.890E+14  5.939E+14  5.936E+14  5.881E+14  5.765E+14  5.569E+14  5.266E+14  4.808E+14  4.114E+14  3.038E+14
  730.0000  1.395E+14  1.819E+13  2.420E+12  2.674E+11  3.200E+11  3.274E+12  2.277E+13  1.629E+14  3.183E+14  4.191E+14  4.837E+14  5.263E+14  5.544E+14  5.725E+14  5.830E+14  5.878E+14  5.875E+14  5.821E+14  5.708E+14  5.518E+14  5.224E+14  4.779E+14  4.104E+14  3.052E+14
------------------------------------------------------------
Photolysis rate coefficients, s-1
   1 = O3 -> O2 + O(1D)                                  
   2 = H2O2 -> 2 OH                                      
   3 = NO2 -> NO + O(3P)                                 
   4 = NO3 -> NO + O2                                    
   5 = NO3 -> NO2 + O(3P)                                
   6 = CH2O -> H + HCO                                   
   7 = CH2O -> H2 + CO                                   
values at z =      0.500 km
Columns: time, sza, photo-reactions
time, hrs.  sza, deg.          1          2          3          4          5          6          7
    0.0000     85.678  1.747E-07  2.670E-07  6.367E-04  3.173E-03  2.243E-02  7.558E-07  2.059E-06
    1.0000     89.916  4.054E-08  6.203E-08  1.577E-04  4.020E-04  3.473E-03  1.544E-07  4.766E-07
    2.0000     92.873  6.970E-09  8.326E-09  1.988E-05  3.144E-05  2.883E-04  2.145E-08  6.357E-08
    3.0000     94.354  1.686E-09  1.872E-09  4.167E-06  3.765E-06  4.212E-05  5.105E-09  1.437E-08
    4.0000     94.251  1.902E-09  2.106E-09  4.702E-06  4.389E-06  4.846E-05  5.732E-09  1.615E-08
    5.0000     92.574  8.730E-09  1.073E-08  2.594E-05  4.486E-05  4.039E-04  2.734E-08  8.192E-08
    6.0000     89.439  4.952E-08  7.714E-08  1.954E-04  5.180E-04  4.431E-03  1.941E-07  5.935E-07
    7.0000     85.053  2.069E-07  3.102E-07  7.346E-04  3.864E-03  2.726E-02  8.941E-07  2.388E-06
    8.0000     79.676  6.960E-07  8.360E-07  1.902E-03  9.784E-03  7.209E-02  2.686E-06  6.280E-06
    9.0000     73.596  2.000E-06  1.754E-06  3.612E-03  1.466E-02  1.122E-01  6.148E-06  1.290E-05
   10.0000     67.122  4.692E-06  2.952E-06  5.376E-03  1.811E-02  1.417E-01  1.112E-05  2.123E-05
   11.0000     60.588  8.886E-06  4.208E-06  6.893E-03  2.048E-02  1.622E-01  1.671E-05  2.958E-05
   12.0000     54.382  1.402E-05  5.343E-06  8.066E-03  2.207E-02  1.762E-01  2.196E-05  3.678E-05
   13.0000     48.971  1.909E-05  6.246E-06  8.897E-03  2.310E-02  1.852E-01  2.625E-05  4.228E-05
   14.0000     44.909  2.309E-05  6.861E-06  9.417E-03  2.370E-02  1.906E-01  2.921E-05  4.591E-05
   15.0000     42.758  2.523E-05  7.163E-06  9.661E-03  2.397E-02  1.930E-01  3.067E-05  4.767E-05
   16.0000     42.890  2.510E-05  7.145E-06  9.647E-03  2.396E-02  1.928E-01  3.059E-05  4.756E-05
   17.0000     45.278  2.273E-05  6.807E-06  9.373E-03  2.365E-02  1.901E-01  2.895E-05  4.560E-05
   18.0000     49.517  1.856E-05  6.159E-06  8.820E-03  2.300E-02  1.844E-01  2.583E-05  4.176E-05
   19.0000     55.038  1.343E-05  5.227E-06  7.953E-03  2.192E-02  1.749E-01  2.142E-05  3.606E-05
   20.0000     61.294  8.366E-06  4.074E-06  6.742E-03  2.026E-02  1.603E-01  1.610E-05  2.871E-05
   21.0000     67.828  4.326E-06  2.816E-06  5.194E-03  1.780E-02  1.389E-01  1.054E-05  2.030E-05
   22.0000     74.260  1.805E-06  1.641E-06  3.421E-03  1.422E-02  1.085E-01  5.700E-06  1.209E-05
   23.0000     80.259  6.195E-07  7.648E-07  1.751E-03  9.204E-03  6.748E-02  2.435E-06  5.759E-06
------------------------------------------------------------
