Spectral actinic flux, quanta cm-2 s-1 nm-1
values at z =      0.500 km
Columns: wavelength (nm), times (hrs.) or sza (deg.)
    wc, nm      0.000      1.000      2.000      3.000      4.000      5.000      6.000      7.000      8.000      9.000     10.000     11.000     12.000     13.000     14.000     15.000     16.000     17.000     18.000     19.000     20.000     21.000     22.000     23.000
    sza =      82.489     86.382     89.142     90.596     90.647     89.291     86.619     82.799     78.055     72.645     66.853     60.993     55.423     50.560     46.878     44.838     44.750     46.629     50.185     54.960     60.480     66.322     72.122     77.564
  120.7000  0.000E+00  0.000E+00  0.000E+00  0.000E+00  0.000E+00  0.000E+00  0.000E+00  0.000E+00  0.000E+00  0.000E+00  0.000E+00  0.000E+00  0.000E+00  0.000E+00  0.000E+00  0.000E+00  0.000E+00  0.000E+00  0.000E+00  0.000E+00  0.000E+00  0.000E+00  0.000E+00  0.000E+00
  121.6500  0.000E+00  0.000E+00  0.000E+00  0.000E+00  0.000E+00  0.000E+00  0.000E+00  0.000E+00  0.000E+00  0.000E+00  0.000E+00  0.000E+00  0.000E+00  0.000E+00  0.000E+00  0.000E+00  0.000E+00  0.000E+00  0.000E+00  0.000E+00  0.000E+00  0.000E+00  0.000E+00  0.000E+00
  122.1000  0.000E+00  0.000E+00  0.000E+00  0.000E+00  0.000E+00  0.000E+00  0.000E+00  0.000E+00  0.000E+00  0.000E+00  0.000E+00  0.000E+00  0.000E+00  0.000E+00  0.000E+00  0.000E+00  0.000E+00  0.000E+00  0.000E+00  0.000E+00  0.000E+00  0.000E+00  0.000E+00  0.000E+00
  122.7000  0.000E+00  0.000E+00  0.000E+00  0.000E+00  0.000E+00  0.000E+00  0.000E+00  0.000E+00  0.000E+00  0.000E+00  0.000E+00  0.000E+00  0.000E+00  0.000E+00  0.000E+00  0.000E+00  0.000E+00  0.000E+00  0.000E+00  0.000E+00  0.000E+00  0.000E+00  0.000E+00  0.000E+00
  123.4500  0.000E+00  0.000E+00  0.000E+00  0.000E+00  0.000E+00  0.000E+00  0.000E+00  0.000E+00  0.000E+00  0.000E+00  0.000E+00  0.000E+00  0.000E+00  0.000E+00  0.000E+00  0.000E+00  0.000E+00  0.000E+00  0.000E+00  0.000E+00  0.000E+00  0.000E+00  0.000E+00  0.000E+00
  124.2000  0.000E+00  0.000E+00  0.000E+00  0.000E+00  0.000E+00  0.000E+00  0.000E+00  0.000E+00  0.000E+00  0.000E+00  0.000E+00  0.000E+00  0.000E+00  0.000E+00  0.000E+00  0.000E+00  0.000E+00  0.000E+00  0.000E+00  0.000E+00  0.000E+00  0.000E+00  0.000E+00  0.000E+00
  125.0000  0.000E+00  0.000E+00  0.000E+00  0.000E+00  0.000E+00  0.000E+00  0.000E+00  0.000E+00  0.000E+00  0.000E+00  0.000E+00  0.000E+00  0.000E+00  0.000E+00  0.000E+00  0.000E+00  0.000E+00  0.000E+00  0.000E+00  0.000E+00  0.000E+00  0.000E+00  0.000E+00  0.000E+00
  125.8000  0.000E+00  0.000E+00  0.000E+00  0.000E+00  0.000E+00  0.000E+00  0.000E+00  0.000E+00  0.000E+00  0.000E+00  0.000E+00  0.000E+00  0.000E+00  0.000E+00  0.000E+00  0.000E+00  0.000E+00  0.000E+00  0.000E+00  0.000E+00  0.000E+00  0.000E+00  0.000E+00  0.000E+00
  126.6000  0.000E+00  0.000E+00  0.000E+00  0.000E+00  0.000E+00  0.000E+00  0.000E+00  0.000E+00  0.000E+00  0.000E+00  0.000E+00  0.000E+00  0.000E+00  0.000E+00  0.000E+00  0.000E+00  0.000E+00  0.000E+00  0.000E+00  0.000E+00  0.000E+00  0.000E+00  0.000E+00  0.000E+00
  127.8000  0.000E+00  0.000E+00  0.000E+00  0.000E+00  0.000E+00  0.000E+00  0.000E+00  0.000E+00  0.000E+00  0.000E+00  0.000E+00  0.000E+00  0.000E+00  0.000E+00  0.000E+00  0.000E+00  0.000E+00  0.000E+00  0.000E+00  0.000E+00  0.000E+00  0.000E+00  0.000E+00  0.000E+00
  129.0000  0.000E+00  0.000E+00  0.000E+00  0.000E+00  0.000E+00  0.000E+00  0.000E+00  0.000E+00  0.000E+00  0.000E+00  0.000E+00  0.000E+00  0.000E+00  0.000E+00  0.000E+00  0.000E+00  0.000E+00  0.000E+00  0.000E+00  0.000E+00  0.000E+00  0.000E+00  0.000E+00  0.000E+00
  129.8500  0.000E+00  0.000E+00  0.000E+00  0.000E+00  0.000E+00  0.000E+00  0.000E+00  0.000E+00  0.000E+00  0.000E+00  0.000E+00  0.000E+00  0.000E+00  0.000E+00  0.000E+00  0.000E+00  0.000E+00  0.000E+00  0.000E+00  0.000E+00  0.000E+00  0.000E+00  0.000E+00  0.000E+00
  131.1500  0.000E+00  0.000E+00  0.000E+00  0.000E+00  0.000E+00  0.000E+00  0.000E+00  0.000E+00  0.000E+00  0.000E+00  0.000E+00  0.000E+00  0.000E+00  0.000E+00  0.000E+00  0.000E+00  0.000E+00  0.000E+00  0.000E+00  0.000E+00  0.000E+00  0.000E+00  0.000E+00  0.000E+00
  133.5000  0.000E+00  0.000E+00  0.000E+00  0.000E+00  0.000E+00  0.000E+00  0.000E+00  0.000E+00  0.000E+00  0.000E+00  0.000E+00  0.000E+00  0.000E+00  0.000E+00  0.000E+00  0.000E+00  0.000E+00  0.000E+00  0.000E+00  0.000E+00  0.000E+00  0.000E+00  0.000E+00  0.000E+00
  136.0000  0.000E+00  0.000E+00  0.000E+00  0.000E+00  0.000E+00  0.000E+00  0.000E+00  0.000E+00  0.000E+00  0.000E+00  0.000E+00  0.000E+00  0.000E+00  0.000E+00  0.000E+00  0.000E+00  0.000E+00  0.000E+00  0.000E+00  0.000E+00  0.000E+00  0.000E+00  0.000E+00  0.000E+00
  141.0000  0.000E+00  0.000E+00  0.000E+00  0.000E+00  0.000E+00  0.000E+00  0.000E+00  0.000E+00  0.000E+00  0.000E+00  0.000E+00  0.000E+00  0.000E+00  0.000E+00  0.000E+00  0.000E+00  0.000E+00  0.000E+00  0.000E+00  0.000E+00  0.000E+00  0.000E+00  0.000E+00  0.000E+00
  150.0000  0.000E+00  0.000E+00  0.000E+00  0.000E+00  0.000E+00  0.000E+00  0.000E+00  0.000E+00  0.000E+00  0.000E+00  0.000E+00  0.000E+00  0.000E+00  0.000E+00  0.000E+00  0.000E+00  0.000E+00  0.000E+00  0.000E+00  0.000E+00  0.000E+00  0.000E+00  0.000E+00  0.000E+00
  160.0000  0.000E+00  0.000E+00  0.000E+00  0.000E+00  0.000E+00  0.000E+00  0.000E+00  0.000E+00  0.000E+00  0.000E+00  0.000E+00  0.000E+00  0.000E+00  0.000E+00  0.000E+00  0.000E+00  0.000E+00  0.000E+00  0.000E+00  0.000E+00  0.000E+00  0.000E+00  0.000E+00  0.000E+00
  167.5000  0.000E+00  0.000E+00  0.000E+00  0.000E+00  0.000E+00  0.000E+00  0.000E+00  0.000E+00  0.000E+00  0.000E+00  0.000E+00  0.000E+00  0.000E+00  0.000E+00  0.000E+00  0.000E+00  0.000E+00  0.000E+00  0.000E+00  0.000E+00  0.000E+00  0.000E+00  0.000E+00  0.000E+00
  172.2000  0.000E+00  0.000E+00  0.000E+00  0.000E+00  0.000E+00  0.000E+00  0.000E+00  0.000E+00  0.000E+00  0.000E+00  0.000E+00  0.000E+00  0.000E+00  0.000E+00  0.000E+00  0.000E+00  0.000E+00  0.000E+00  0.000E+00  0.000E+00  0.000E+00  0.000E+00  0.000E+00  0.000E+00
  175.7000  0.000E+00  0.000E+00  0.000E+00  0.000E+00  0.000E+00  0.000E+00  0.000E+00  0.000E+00  0.000E+00  0.000E+00  0.000E+00  0.000E+00  0.000E+00  0.000E+00  0.000E+00  0.000E+00  0.000E+00  0.000E+00  0.000E+00  0.000E+00  0.000E+00  0.000E+00  0.000E+00  0.000E+00
  177.8000  0.000E+00  0.000E+00  0.000E+00  0.000E+00  0.000E+00  0.000E+00  0.000E+00  0.000E+00  0.000E+00  0.000E+00  0.000E+00  0.000E+00  0.000E+00  0.000E+00  0.000E+00  0.000E+00  0.000E+00  0.000E+00  0.000E+00  0.000E+00  0.000E+00  0.000E+00  0.000E+00  0.000E+00
  179.4000  0.000E+00  0.000E+00  0.000E+00  0.000E+00  0.000E+00  0.000E+00  0.000E+00  0.000E+00  0.000E+00  0.000E+00  0.000E+00  0.000E+00  0.000E+00  0.000E+00  0.000E+00  0.000E+00  0.000E+00  0.000E+00  0.000E+00  0.000E+00  0.000E+00  0.000E+00  0.000E+00  0.000E+00
  181.0000  0.000E+00  0.000E+00  0.000E+00  0.000E+00  0.000E+00  0.000E+00  0.000E+00  0.000E+00  0.000E+00  0.000E+00  0.000E+00  0.000E+00  0.000E+00  0.000E+00  0.000E+00  0.000E+00  0.000E+00  0.000E+00  0.000E+00  0.000E+00  0.000E+00  0.000E+00  0.000E+00  0.000E+00
  182.6500  0.000E+00  0.000E+00  0.000E+00  0.000E+00  0.000E+00  0.000E+00  0.000E+00  0.000E+00  0.000E+00  0.000E+00  0.000E+00  0.000E+00  0.000E+00  0.000E+00  0.000E+00  0.000E+00  0.000E+00  0.000E+00  0.000E+00  0.000E+00  0.000E+00  0.000E+00  0.000E+00  0.000E+00
  184.3500  0.000E+00  0.000E+00  0.000E+00  0.000E+00  0.000E+00  0.000E+00  0.000E+00  0.000E+00  0.000E+00  0.000E+00  0.000E+00  0.000E+00  0.000E+00  0.000E+00  0.000E+00  0.000E+00  0.000E+00  0.000E+00  0.000E+00  0.000E+00  0.000E+00  0.000E+00  0.000E+00  0.000E+00
  186.0500  0.000E+00  0.000E+00  0.000E+00  0.000E+00  0.000E+00  0.000E+00  0.000E+00  0.000E+00  0.000E+00  0.000E+00  0.000E+00  0.000E+00  0.000E+00  0.000E+00  0.000E+00  0.000E+00  0.000E+00  0.000E+00  0.000E+00  0.000E+00  0.000E+00  0.000E+00  0.000E+00  0.000E+00
  187.8000  0.000E+00  0.000E+00  0.000E+00  0.000E+00  0.000E+00  0.000E+00  0.000E+00  0.000E+00  0.000E+00  0.000E+00  0.000E+00  0.000E+00  0.000E+00  0.000E+00  0.000E+00  0.000E+00  0.000E+00  0.000E+00  0.000E+00  0.000E+00  0.000E+00  0.000E+00  0.000E+00  0.000E+00
  189.6000  0.000E+00  0.000E+00  0.000E+00  0.000E+00  0.000E+00  0.000E+00  0.000E+00  0.000E+00  0.000E+00  0.000E+00  0.000E+00  0.000E+00  0.000E+00  0.000E+00  0.000E+00  0.000E+00  0.000E+00  0.000E+00  0.000E+00  0.000E+00  0.000E+00  0.000E+00  0.000E+00  0.000E+00
  191.4000  0.000E+00  0.000E+00  0.000E+00  0.000E+00  0.000E+00  0.000E+00  0.000E+00  0.000E+00  0.000E+00  0.000E+00  0.000E+00  0.000E+00  0.000E+00  0.000E+00  0.000E+00  0.000E+00  0.000E+00  0.000E+00  0.000E+00  0.000E+00  0.000E+00  0.000E+00  0.000E+00  0.000E+00
  193.2500  0.000E+00  0.000E+00  0.000E+00  0.000E+00  0.000E+00  0.000E+00  0.000E+00  0.000E+00  0.000E+00  0.000E+00  0.000E+00  0.000E+00  0.000E+00  0.000E+00  0.000E+00  0.000E+00  0.000E+00  0.000E+00  0.000E+00  0.000E+00  0.000E+00  0.000E+00  0.000E+00  0.000E+00
  195.1500  0.000E+00  0.000E+00  0.000E+00  0.000E+00  0.000E+00  0.000E+00  0.000E+00  0.000E+00  0.000E+00  0.000E+00  0.000E+00  0.000E+00  0.000E+00  0.000E+00  0.000E+00  0.000E+00  0.000E+00  0.000E+00  0.000E+00  0.000E+00  0.000E+00  0.000E+00  0.000E+00  0.000E+00
  197.0500  0.000E+00  0.000E+00  0.000E+00  0.000E+00  0.000E+00  0.000E+00  0.000E+00  0.000E+00  0.000E+00  0.000E+00  0.000E+00  0.000E+00  0.000E+00  0.000E+00  0.000E+00  0.000E+00  0.000E+00  0.000E+00  0.000E+00  0.000E+00  0.000E+00  0.000E+00  0.000E+00  0.000E+00
  199.0000  0.000E+00  0.000E+00  0.000E+00  0.000E+00  0.000E+00  0.000E+00  0.000E+00  0.000E+00  0.000E+00  0.000E+00  0.000E+00  0.000E+00  0.000E+00  0.000E+00  0.000E+00  0.000E+00  0.000E+00  0.000E+00  0.000E+00  0.000E+00  0.000E+00  0.000E+00  0.000E+00  0.000E+00
  201.0000  0.000E+00  0.000E+00  0.000E+00  0.000E+00  0.000E+00  0.000E+00  0.000E+00  0.000E+00  0.000E+00  0.000E+00  0.000E+00  0.000E+00  0.000E+00  0.000E+00  0.000E+00  0.000E+00  0.000E+00  0.000E+00  0.000E+00  0.000E+00  0.000E+00  0.000E+00  0.000E+00  0.000E+00
  203.0500  0.000E+00  0.000E+00  0.000E+00  0.000E+00  0.000E+00  0.000E+00  0.000E+00  0.000E+00  0.000E+00  0.000E+00  0.000E+00  0.000E+00  0.000E+00  0.000E+00  0.000E+00  0.000E+00  0.000E+00  0.000E+00  0.000E+00  0.000E+00  0.000E+00  0.000E+00  0.000E+00  0.000E+00
  204.9500  0.000E+00  0.000E+00  0.000E+00  0.000E+00  0.000E+00  0.000E+00  0.000E+00  0.000E+00  0.000E+00  0.000E+00  0.000E+00  0.000E+00  0.000E+00  0.000E+00  0.000E+00  0.000E+00  0.000E+00  0.000E+00  0.000E+00  0.000E+00  0.000E+00  0.000E+00  0.000E+00  0.000E+00
  207.0665  0.000E+00  0.000E+00  0.000E+00  0.000E+00  0.000E+00  0.000E+00  0.000E+00  0.000E+00  0.000E+00  0.000E+00  0.000E+00  0.000E+00  0.000E+00  0.000E+00  0.000E+00  0.000E+00  0.000E+00  0.000E+00  0.000E+00  0.000E+00  0.000E+00  0.000E+00  0.000E+00  0.000E+00
  209.4295  0.000E+00  0.000E+00  0.000E+00  0.000E+00  0.000E+00  0.000E+00  0.000E+00  0.000E+00  0.000E+00  0.000E+00  0.000E+00  0.000E+00  0.000E+00  0.000E+00  0.000E+00  0.000E+00  0.000E+00  0.000E+00  0.000E+00  0.000E+00  0.000E+00  0.000E+00  0.000E+00  0.000E+00
  211.6460  0.000E+00  0.000E+00  0.000E+00  0.000E+00  0.000E+00  0.000E+00  0.000E+00  0.000E+00  0.000E+00  0.000E+00  0.000E+00  0.000E+00  0.000E+00  0.000E+00  0.000E+00  0.000E+00  0.000E+00  0.000E+00  0.000E+00  0.000E+00  0.000E+00  0.000E+00  0.000E+00  0.000E+00
  213.9100  0.000E+00  0.000E+00  0.000E+00  0.000E+00  0.000E+00  0.000E+00  0.000E+00  0.000E+00  0.000E+00  0.000E+00  0.000E+00  0.000E+00  0.000E+00  0.000E+00  0.000E+00  0.000E+00  0.000E+00  0.000E+00  0.000E+00  0.000E+00  0.000E+00  0.000E+00  0.000E+00  0.000E+00
  216.2225  0.000E+00  0.000E+00  0.000E+00  0.000E+00  0.000E+00  0.000E+00  0.000E+00  0.000E+00  0.000E+00  0.000E+00  0.000E+00  0.000E+00  0.000E+00  0.000E+00  0.000E+00  0.000E+00  0.000E+00  0.000E+00  0.000E+00  0.000E+00  0.000E+00  0.000E+00  0.000E+00  0.000E+00
  218.5855  0.000E+00  0.000E+00  0.000E+00  0.000E+00  0.000E+00  0.000E+00  0.000E+00  0.000E+00  0.000E+00  0.000E+00  0.000E+00  0.000E+00  0.000E+00  0.000E+00  0.000E+00  0.000E+00  0.000E+00  0.000E+00  0.000E+00  0.000E+00  0.000E+00  0.000E+00  0.000E+00  0.000E+00
  221.0010  0.000E+00  0.000E+00  0.000E+00  0.000E+00  0.000E+00  0.000E+00  0.000E+00  0.000E+00  0.000E+00  0.000E+00  0.000E+00  0.000E+00  0.000E+00  0.000E+00  0.000E+00  0.000E+00  0.000E+00  0.000E+00  0.000E+00  0.000E+00  0.000E+00  0.000E+00  0.000E+00  0.000E+00
  223.4705  0.000E+00  0.000E+00  0.000E+00  0.000E+00  0.000E+00  0.000E+00  0.000E+00  0.000E+00  0.000E+00  0.000E+00  0.000E+00  0.000E+00  0.000E+00  0.000E+00  0.000E+00  0.000E+00  0.000E+00  0.000E+00  0.000E+00  0.000E+00  0.000E+00  0.000E+00  0.000E+00  0.000E+00
  225.9960  0.000E+00  0.000E+00  0.000E+00  0.000E+00  0.000E+00  0.000E+00  0.000E+00  0.000E+00  0.000E+00  0.000E+00  0.000E+00  0.000E+00  0.000E+00  0.000E+00  0.000E+00  0.000E+00  0.000E+00  0.000E+00  0.000E+00  0.000E+00  0.000E+00  0.000E+00  0.000E+00  0.000E+00
  228.5790  0.000E+00  0.000E+00  0.000E+00  0.000E+00  0.000E+00  0.000E+00  0.000E+00  0.000E+00  0.000E+00  0.000E+00  0.000E+00  0.000E+00  0.000E+00  0.000E+00  0.000E+00  0.000E+00  0.000E+00  0.000E+00  0.000E+00  0.000E+00  0.000E+00  0.000E+00  0.000E+00  0.000E+00
  231.2215  0.000E+00  0.000E+00  0.000E+00  0.000E+00  0.000E+00  0.000E+00  0.000E+00  0.000E+00  0.000E+00  0.000E+00  0.000E+00  0.000E+00  0.000E+00  0.000E+00  0.000E+00  0.000E+00  0.000E+00  0.000E+00  0.000E+00  0.000E+00  0.000E+00  0.000E+00  0.000E+00  0.000E+00
  233.9260  0.000E+00  0.000E+00  0.000E+00  0.000E+00  0.000E+00  0.000E+00  0.000E+00  0.000E+00  0.000E+00  0.000E+00  0.000E+00  0.000E+00  0.000E+00  0.000E+00  0.000E+00  0.000E+00  0.000E+00  0.000E+00  0.000E+00  0.000E+00  0.000E+00  0.000E+00  0.000E+00  0.000E+00
  236.6945  0.000E+00  0.000E+00  0.000E+00  0.000E+00  0.000E+00  0.000E+00  0.000E+00  0.000E+00  0.000E+00  0.000E+00  0.000E+00  0.000E+00  0.000E+00  0.000E+00  0.000E+00  0.000E+00  0.000E+00  0.000E+00  0.000E+00  0.000E+00  0.000E+00  0.000E+00  0.000E+00  0.000E+00
  239.5295  0.000E+00  0.000E+00  0.000E+00  0.000E+00  0.000E+00  0.000E+00  0.000E+00  0.000E+00  0.000E+00  0.000E+00  0.000E+00  0.000E+00  0.000E+00  0.000E+00  0.000E+00  0.000E+00  0.000E+00  0.000E+00  0.000E+00  0.000E+00  0.000E+00  0.000E+00  0.000E+00  0.000E+00
  242.4330  0.000E+00  0.000E+00  0.000E+00  0.000E+00  0.000E+00  0.000E+00  0.000E+00  0.000E+00  0.000E+00  0.000E+00  0.000E+00  0.000E+00  0.000E+00  0.000E+00  0.000E+00  0.000E+00  0.000E+00  0.000E+00  0.000E+00  0.000E+00  0.000E+00  0.000E+00  0.000E+00  0.000E+00
  245.4080  0.000E+00  0.000E+00  0.000E+00  0.000E+00  0.000E+00  0.000E+00  0.000E+00  0.000E+00  0.000E+00  0.000E+00  0.000E+00  0.000E+00  0.000E+00  0.000E+00  0.000E+00  0.000E+00  0.000E+00  0.000E+00  0.000E+00  0.000E+00  0.000E+00  0.000E+00  0.000E+00  0.000E+00
  248.4570  0.000E+00  0.000E+00  0.000E+00  0.000E+00  0.000E+00  0.000E+00  0.000E+00  0.000E+00  0.000E+00  0.000E+00  0.000E+00  0.000E+00  0.000E+00  0.000E+00  0.000E+00  0.000E+00  0.000E+00  0.000E+00  0.000E+00  0.000E+00  0.000E+00  0.000E+00  0.000E+00  0.000E+00
  251.5825  0.000E+00  0.000E+00  0.000E+00  0.000E+00  0.000E+00  0.000E+00  0.000E+00  0.000E+00  0.000E+00  0.000E+00  0.000E+00  0.000E+00  0.000E+00  0.000E+00  0.000E+00  0.000E+00  0.000E+00  0.000E+00  0.000E+00  0.000E+00  0.000E+00  0.000E+00  0.000E+00  0.000E+00
  254.7875  0.000E+00  0.000E+00  0.000E+00  0.000E+00  0.000E+00  0.000E+00  0.000E+00  0.000E+00  0.000E+00  0.000E+00  0.000E+00  0.000E+00  0.000E+00  0.000E+00  0.000E+00  0.000E+00  0.000E+00  0.000E+00  0.000E+00  0.000E+00  0.000E+00  0.000E+00  0.000E+00  0.000E+00
  258.0750  0.000E+00  0.000E+00  0.000E+00  0.000E+00  0.000E+00  0.000E+00  0.000E+00  0.000E+00  0.000E+00  0.000E+00  0.000E+00  0.000E+00  0.000E+00  0.000E+00  0.000E+00  0.000E+00  0.000E+00  0.000E+00  0.000E+00  0.000E+00  0.000E+00  0.000E+00  0.000E+00  0.000E+00
  261.4490  0.000E+00  0.000E+00  0.000E+00  0.000E+00  0.000E+00  0.000E+00  0.000E+00  0.000E+00  0.000E+00  0.000E+00  0.000E+00  0.000E+00  0.000E+00  0.000E+00  0.000E+00  0.000E+00  0.000E+00  0.000E+00  0.000E+00  0.000E+00  0.000E+00  0.000E+00  0.000E+00  0.000E+00
  264.9125  0.000E+00  0.000E+00  0.000E+00  0.000E+00  0.000E+00  0.000E+00  0.000E+00  0.000E+00  0.000E+00  0.000E+00  0.000E+00  0.000E+00  0.000E+00  0.000E+00  0.000E+00  0.000E+00  0.000E+00  0.000E+00  0.000E+00  0.000E+00  0.000E+00  0.000E+00  0.000E+00  0.000E+00
  268.4685  0.000E+00  0.000E+00  0.000E+00  0.000E+00  0.000E+00  0.000E+00  0.000E+00  0.000E+00  0.000E+00  0.000E+00  0.000E+00  0.000E+00  0.000E+00  0.000E+00  0.000E+00  0.000E+00  0.000E+00  0.000E+00  0.000E+00  0.000E+00  0.000E+00  0.000E+00  0.000E+00  0.000E+00
  272.1215  0.000E+00  0.000E+00  0.000E+00  0.000E+00  0.000E+00  0.000E+00  0.000E+00  0.000E+00  0.000E+00  0.000E+00  0.000E+00  0.000E+00  0.000E+00  0.000E+00  0.000E+00  0.000E+00  0.000E+00  0.000E+00  0.000E+00  0.000E+00  0.000E+00  0.000E+00  0.000E+00  0.000E+00
  275.8755  0.000E+00  0.000E+00  0.000E+00  0.000E+00  0.000E+00  0.000E+00  0.000E+00  0.000E+00  0.000E+00  0.000E+00  0.000E+00  0.000E+00  0.000E+00  0.000E+00  0.000E+00  0.000E+00  0.000E+00  0.000E+00  0.000E+00  0.000E+00  0.000E+00  0.000E+00  0.000E+00  0.000E+00
  279.7340  0.000E+00  0.000E+00  0.000E+00  0.000E+00  0.000E+00  0.000E+00  0.000E+00  0.000E+00  0.000E+00  0.000E+00  0.000E+00  0.000E+00  0.000E+00  0.000E+00  0.000E+00  0.000E+00  0.000E+00  0.000E+00  0.000E+00  0.000E+00  0.000E+00  0.000E+00  0.000E+00  0.000E+00
  283.7020  0.000E+00  0.000E+00  0.000E+00  0.000E+00  0.000E+00  0.000E+00  0.000E+00  0.000E+00  0.000E+00  0.000E+00  0.000E+00  0.000E+00  0.000E+00  0.000E+00  0.000E+00  0.000E+00  0.000E+00  0.000E+00  0.000E+00  0.000E+00  0.000E+00  0.000E+00  0.000E+00  0.000E+00
  287.7845  0.000E+00  0.000E+00  0.000E+00  0.000E+00  0.000E+00  0.000E+00  0.000E+00  0.000E+00  0.000E+00  0.000E+00  0.000E+00  0.000E+00  0.000E+00  0.000E+00  0.000E+00  0.000E+00  0.000E+00  0.000E+00  0.000E+00  0.000E+00  0.000E+00  0.000E+00  0.000E+00  0.000E+00
  291.9865  7.415E+05  4.744E+05  2.881E+05  1.842E+05  1.811E+05  2.780E+05  4.586E+05  7.193E+05  1.095E+06  1.677E+06  2.704E+06  5.377E+06  1.845E+07  6.917E+07  1.735E+08  2.742E+08  2.794E+08  1.838E+08  7.635E+07  2.089E+07  5.860E+06  2.838E+06  1.747E+06  1.135E+06
  296.3090  1.215E+08  7.425E+07  4.399E+07  2.803E+07  2.755E+07  4.240E+07  7.158E+07  1.174E+08  1.902E+08  3.207E+08  6.813E+08  2.401E+09  8.672E+09  2.225E+10  4.013E+10  5.343E+10  5.405E+10  4.162E+10  2.374E+10  9.563E+09  2.715E+09  7.485E+08  3.384E+08  1.990E+08
  300.5000  2.673E+09  1.515E+09  8.572E+08  5.372E+08  5.279E+08  8.245E+08  1.454E+09  2.567E+09  4.631E+09  1.058E+10  3.778E+10  1.306E+11  3.274E+11  6.070E+11  8.853E+11  1.062E+12  1.069E+12  9.060E+11  6.328E+11  3.495E+11  1.436E+11  4.266E+10  1.171E+10  4.926E+09
  303.0000  1.538E+10  8.125E+09  4.393E+09  2.702E+09  2.654E+09  4.216E+09  7.767E+09  1.467E+10  3.085E+10  9.750E+10  3.564E+11  9.958E+11  2.043E+12  3.286E+12  4.388E+12  5.042E+12  5.071E+12  4.466E+12  3.393E+12  2.149E+12  1.074E+12  3.963E+11  1.102E+11  3.373E+10
  304.0000  2.085E+10  1.073E+10  5.709E+09  3.486E+09  3.423E+09  5.474E+09  1.024E+10  1.984E+10  4.471E+10  1.519E+11  5.352E+11  1.403E+12  2.736E+12  4.250E+12  5.555E+12  6.317E+12  6.350E+12  5.647E+12  4.378E+12  2.867E+12  1.505E+12  5.917E+11  1.716E+11  4.941E+10
  305.0000  3.870E+10  1.897E+10  9.829E+09  5.934E+09  5.825E+09  9.413E+09  1.807E+10  3.663E+10  9.284E+10  3.362E+11  1.099E+12  2.640E+12  4.822E+12  7.167E+12  9.117E+12  1.023E+13  1.028E+13  9.252E+12  7.360E+12  5.030E+12  2.813E+12  1.205E+12  3.787E+11  1.039E+11
  306.0000  4.567E+10  2.145E+10  1.088E+10  6.508E+09  6.385E+09  1.041E+10  2.039E+10  4.303E+10  1.191E+11  4.370E+11  1.349E+12  3.057E+12  5.350E+12  7.727E+12  9.659E+12  1.075E+13  1.080E+13  9.791E+12  7.920E+12  5.563E+12  3.243E+12  1.471E+12  4.906E+11  1.346E+11
  307.0000  7.765E+10  3.419E+10  1.686E+10  9.958E+09  9.767E+09  1.611E+10  3.242E+10  7.263E+10  2.219E+11  8.039E+11  2.308E+12  4.904E+12  8.196E+12  1.148E+13  1.409E+13  1.554E+13  1.561E+13  1.427E+13  1.175E+13  8.496E+12  5.177E+12  2.499E+12  8.972E+11  2.520E+11
  308.0000  1.236E+11  5.034E+10  2.400E+10  1.396E+10  1.369E+10  2.289E+10  4.757E+10  1.147E+11  3.789E+11  1.319E+12  3.516E+12  7.033E+12  1.127E+13  1.535E+13  1.852E+13  2.026E+13  2.034E+13  1.873E+13  1.567E+13  1.164E+13  7.392E+12  3.784E+12  1.463E+12  4.312E+11
  309.0000  1.558E+11  6.017E+10  2.804E+10  1.615E+10  1.582E+10  2.671E+10  5.672E+10  1.440E+11  4.922E+11  1.661E+12  4.238E+12  8.190E+12  1.281E+13  1.718E+13  2.052E+13  2.235E+13  2.243E+13  2.075E+13  1.752E+13  1.322E+13  8.587E+12  4.544E+12  1.834E+12  5.589E+11
  310.0000  2.333E+11  8.069E+10  3.553E+10  1.997E+10  1.955E+10  3.375E+10  7.563E+10  2.140E+11  7.517E+11  2.339E+12  5.463E+12  9.901E+12  1.482E+13  1.931E+13  2.267E+13  2.448E+13  2.456E+13  2.289E+13  1.965E+13  1.524E+13  1.033E+13  5.819E+12  2.557E+12  8.490E+11
  311.0000  4.764E+11  1.574E+11  6.736E+10  3.741E+10  3.662E+10  6.391E+10  1.471E+11  4.362E+11  1.528E+12  4.571E+12  1.031E+13  1.819E+13  2.673E+13  3.440E+13  4.009E+13  4.315E+13  4.327E+13  4.047E+13  3.499E+13  2.746E+13  1.895E+13  1.095E+13  4.980E+12  1.720E+12
  312.0000  5.745E+11  1.789E+11  7.275E+10  3.957E+10  3.871E+10  6.887E+10  1.663E+11  5.252E+11  1.798E+12  5.051E+12  1.080E+13  1.834E+13  2.625E+13  3.322E+13  3.832E+13  4.104E+13  4.115E+13  3.865E+13  3.375E+13  2.692E+13  1.905E+13  1.142E+13  5.494E+12  2.010E+12
  313.0000  8.845E+11  2.648E+11  1.015E+11  5.386E+10  5.264E+10  9.585E+10  2.449E+11  8.091E+11  2.649E+12  6.960E+12  1.410E+13  2.307E+13  3.221E+13  4.008E+13  4.577E+13  4.878E+13  4.891E+13  4.615E+13  4.068E+13  3.296E+13  2.390E+13  1.486E+13  7.507E+12  2.936E+12
  314.0000  1.100E+12  3.255E+11  1.217E+11  6.387E+10  6.241E+10  1.148E+11  3.004E+11  1.006E+12  3.231E+12  8.269E+12  1.643E+13  2.648E+13  3.658E+13  4.522E+13  5.142E+13  5.469E+13  5.483E+13  5.183E+13  4.586E+13  3.741E+13  2.739E+13  1.728E+13  8.905E+12  3.569E+12
  316.0000  1.883E+12  5.648E+11  1.925E+11  9.596E+10  9.360E+10  1.805E+11  5.184E+11  1.734E+12  4.994E+12  1.149E+13  2.109E+13  3.219E+13  4.287E+13  5.174E+13  5.799E+13  6.125E+13  6.139E+13  5.840E+13  5.240E+13  4.374E+13  3.318E+13  2.206E+13  1.227E+13  5.459E+12
  320.0000  4.359E+12  1.458E+12  4.745E+11  2.211E+11  2.151E+11  4.421E+11  1.341E+12  4.057E+12  1.009E+13  2.061E+13  3.474E+13  4.995E+13  6.390E+13  7.509E+13  8.281E+13  8.678E+13  8.695E+13  8.330E+13  7.590E+13  6.500E+13  5.126E+13  3.610E+13  2.181E+13  1.089E+13
  325.0000  9.060E+12  3.538E+12  1.240E+12  5.655E+11  5.494E+11  1.156E+12  3.285E+12  8.524E+12  1.859E+13  3.456E+13  5.441E+13  7.459E+13  9.235E+13  1.062E+14  1.156E+14  1.204E+14  1.206E+14  1.162E+14  1.072E+14  9.373E+13  7.629E+13  5.626E+13  3.637E+13  1.985E+13
  330.0000  1.423E+13  6.038E+12  2.286E+12  1.066E+12  1.036E+12  2.138E+12  5.643E+12  1.345E+13  2.769E+13  4.942E+13  7.527E+13  1.007E+14  1.226E+14  1.394E+14  1.506E+14  1.563E+14  1.565E+14  1.513E+14  1.406E+14  1.243E+14  1.028E+14  7.763E+13  5.169E+13  2.944E+13
  335.0000  1.581E+13  7.079E+12  2.850E+12  1.368E+12  1.331E+12  2.675E+12  6.647E+12  1.499E+13  2.986E+13  5.195E+13  7.742E+13  1.019E+14  1.225E+14  1.381E+14  1.484E+14  1.536E+14  1.539E+14  1.491E+14  1.392E+14  1.240E+14  1.039E+14  7.971E+13  5.422E+13  3.168E+13
  340.0000  1.866E+13  8.521E+12  3.525E+12  1.716E+12  1.670E+12  3.313E+12  8.017E+12  1.771E+13  3.495E+13  6.012E+13  8.850E+13  1.152E+14  1.374E+14  1.541E+14  1.651E+14  1.706E+14  1.708E+14  1.658E+14  1.553E+14  1.391E+14  1.174E+14  9.103E+13  6.268E+13  3.704E+13
  345.0000  1.948E+13  8.956E+12  3.751E+12  1.838E+12  1.789E+12  3.530E+12  8.433E+12  1.849E+13  3.645E+13  6.230E+13  9.085E+13  1.173E+14  1.390E+14  1.552E+14  1.658E+14  1.711E+14  1.713E+14  1.665E+14  1.563E+14  1.407E+14  1.194E+14  9.337E+13  6.487E+13  3.861E+13
  350.0000  2.108E+13  9.631E+12  4.023E+12  1.965E+12  1.912E+12  3.784E+12  9.067E+12  2.000E+13  3.967E+13  6.766E+13  9.804E+13  1.258E+14  1.484E+14  1.651E+14  1.759E+14  1.814E+14  1.816E+14  1.766E+14  1.662E+14  1.501E+14  1.280E+14  1.007E+14  7.043E+13  4.204E+13
  355.0000  2.325E+13  1.059E+13  4.437E+12  2.167E+12  2.109E+12  4.174E+12  9.975E+12  2.205E+13  4.389E+13  7.449E+13  1.071E+14  1.365E+14  1.602E+14  1.776E+14  1.888E+14  1.944E+14  1.947E+14  1.895E+14  1.788E+14  1.620E+14  1.389E+14  1.100E+14  7.747E+13  4.650E+13
  360.0000  2.209E+13  1.001E+13  4.192E+12  2.045E+12  1.990E+12  3.944E+12  9.428E+12  2.093E+13  4.186E+13  7.073E+13  1.010E+14  1.279E+14  1.494E+14  1.650E+14  1.751E+14  1.801E+14  1.803E+14  1.757E+14  1.661E+14  1.509E+14  1.300E+14  1.036E+14  7.350E+13  4.434E+13
  365.0000  2.917E+13  1.314E+13  5.496E+12  2.676E+12  2.604E+12  5.169E+12  1.237E+13  2.763E+13  5.546E+13  9.327E+13  1.322E+14  1.664E+14  1.935E+14  2.131E+14  2.257E+14  2.319E+14  2.322E+14  2.264E+14  2.144E+14  1.955E+14  1.691E+14  1.355E+14  9.681E+13  5.874E+13
  370.0000  3.148E+13  1.408E+13  5.879E+12  2.856E+12  2.778E+12  5.529E+12  1.325E+13  2.980E+13  6.004E+13  1.004E+14  1.413E+14  1.769E+14  2.047E+14  2.248E+14  2.377E+14  2.440E+14  2.443E+14  2.385E+14  2.262E+14  2.068E+14  1.796E+14  1.448E+14  1.042E+14  6.357E+13
  375.0000  2.951E+13  1.310E+13  5.458E+12  2.645E+12  2.573E+12  5.133E+12  1.233E+13  2.792E+13  5.642E+13  9.384E+13  1.312E+14  1.632E+14  1.881E+14  2.060E+14  2.174E+14  2.230E+14  2.233E+14  2.181E+14  2.072E+14  1.900E+14  1.657E+14  1.343E+14  9.726E+13  5.973E+13
  380.0000  3.521E+13  1.551E+13  6.449E+12  3.118E+12  3.033E+12  6.063E+12  1.459E+13  3.330E+13  6.745E+13  1.115E+14  1.548E+14  1.915E+14  2.199E+14  2.401E+14  2.530E+14  2.593E+14  2.596E+14  2.538E+14  2.415E+14  2.220E+14  1.943E+14  1.584E+14  1.154E+14  7.137E+13
  385.0000  2.756E+13  1.204E+13  4.995E+12  2.410E+12  2.344E+12  4.696E+12  1.132E+13  2.604E+13  5.284E+13  8.678E+13  1.196E+14  1.472E+14  1.684E+14  1.835E+14  1.930E+14  1.977E+14  1.979E+14  1.936E+14  1.845E+14  1.700E+14  1.494E+14  1.224E+14  8.982E+13  5.589E+13
  390.0000  3.736E+13  1.618E+13  6.700E+12  3.225E+12  3.136E+12  6.298E+12  1.521E+13  3.529E+13  7.165E+13  1.169E+14  1.601E+14  1.960E+14  2.234E+14  2.427E+14  2.550E+14  2.609E+14  2.612E+14  2.557E+14  2.440E+14  2.254E+14  1.987E+14  1.636E+14  1.209E+14  7.575E+13
  395.0000  3.009E+13  1.292E+13  5.338E+12  2.564E+12  2.493E+12  5.016E+12  1.214E+13  2.841E+13  5.768E+13  9.348E+13  1.271E+14  1.549E+14  1.759E+14  1.907E+14  2.000E+14  2.046E+14  2.048E+14  2.006E+14  1.917E+14  1.774E+14  1.570E+14  1.299E+14  9.657E+13  6.095E+13
  400.0000  5.799E+13  2.469E+13  1.018E+13  4.880E+12  4.744E+12  9.563E+12  2.319E+13  5.473E+13  1.110E+14  1.787E+14  2.415E+14  2.927E+14  3.314E+14  3.585E+14  3.755E+14  3.838E+14  3.841E+14  3.765E+14  3.603E+14  3.342E+14  2.966E+14  2.466E+14  1.848E+14  1.173E+14
  405.0000  6.136E+13  2.590E+13  1.065E+13  5.099E+12  4.956E+12  1.001E+13  2.432E+13  5.789E+13  1.173E+14  1.874E+14  2.516E+14  3.037E+14  3.427E+14  3.699E+14  3.870E+14  3.953E+14  3.956E+14  3.880E+14  3.717E+14  3.455E+14  3.076E+14  2.568E+14  1.936E+14  1.238E+14
  410.0000  6.564E+13  2.747E+13  1.126E+13  5.384E+12  5.232E+12  1.058E+13  2.578E+13  6.191E+13  1.252E+14  1.986E+14  2.650E+14  3.184E+14  3.583E+14  3.859E+14  4.032E+14  4.116E+14  4.120E+14  4.043E+14  3.878E+14  3.611E+14  3.225E+14  2.704E+14  2.051E+14  1.321E+14
  415.0000  7.095E+13  2.945E+13  1.204E+13  5.748E+12  5.585E+12  1.131E+13  2.761E+13  6.690E+13  1.349E+14  2.125E+14  2.819E+14  3.373E+14  3.783E+14  4.067E+14  4.245E+14  4.331E+14  4.335E+14  4.256E+14  4.087E+14  3.813E+14  3.414E+14  2.875E+14  2.193E+14  1.422E+14
  420.0000  7.424E+13  3.056E+13  1.245E+13  5.939E+12  5.770E+12  1.170E+13  2.864E+13  7.000E+13  1.408E+14  2.201E+14  2.902E+14  3.458E+14  3.868E+14  4.151E+14  4.328E+14  4.413E+14  4.417E+14  4.339E+14  4.171E+14  3.898E+14  3.500E+14  2.958E+14  2.270E+14  1.483E+14
  425.0000  7.340E+13  2.996E+13  1.216E+13  5.790E+12  5.625E+12  1.142E+13  2.806E+13  6.919E+13  1.387E+14  2.153E+14  2.824E+14  3.351E+14  3.739E+14  4.006E+14  4.172E+14  4.252E+14  4.256E+14  4.182E+14  4.024E+14  3.767E+14  3.391E+14  2.877E+14  2.219E+14  1.460E+14
  430.0000  7.017E+13  2.842E+13  1.150E+13  5.471E+12  5.314E+12  1.080E+13  2.660E+13  6.614E+13  1.320E+14  2.035E+14  2.654E+14  3.138E+14  3.492E+14  3.736E+14  3.886E+14  3.959E+14  3.962E+14  3.895E+14  3.752E+14  3.518E+14  3.174E+14  2.703E+14  2.096E+14  1.389E+14
  435.0000  8.431E+13  3.389E+13  1.365E+13  6.491E+12  6.304E+12  1.282E+13  3.169E+13  7.947E+13  1.579E+14  2.418E+14  3.137E+14  3.696E+14  4.103E+14  4.382E+14  4.554E+14  4.638E+14  4.641E+14  4.565E+14  4.400E+14  4.132E+14  3.737E+14  3.194E+14  2.488E+14  1.660E+14
  440.0000  8.962E+13  3.574E+13  1.431E+13  6.794E+12  6.598E+12  1.344E+13  3.339E+13  8.447E+13  1.672E+14  2.543E+14  3.283E+14  3.854E+14  4.269E+14  4.553E+14  4.728E+14  4.812E+14  4.816E+14  4.739E+14  4.572E+14  4.299E+14  3.897E+14  3.341E+14  2.616E+14  1.756E+14
  445.0000  9.949E+13  3.939E+13  1.569E+13  7.442E+12  7.226E+12  1.473E+13  3.677E+13  9.378E+13  1.847E+14  2.791E+14  3.586E+14  4.196E+14  4.638E+14  4.939E+14  5.124E+14  5.214E+14  5.217E+14  5.136E+14  4.959E+14  4.669E+14  4.241E+14  3.648E+14  2.869E+14  1.939E+14
  450.0000  1.094E+14  4.303E+13  1.704E+13  8.083E+12  7.849E+12  1.601E+13  4.013E+13  1.031E+14  2.020E+14  3.032E+14  3.877E+14  4.522E+14  4.988E+14  5.304E+14  5.499E+14  5.593E+14  5.597E+14  5.511E+14  5.326E+14  5.021E+14  4.570E+14  3.943E+14  3.115E+14  2.119E+14
  455.0000  1.105E+14  4.320E+13  1.700E+13  8.060E+12  7.826E+12  1.597E+13  4.026E+13  1.042E+14  2.030E+14  3.029E+14  3.855E+14  4.483E+14  4.935E+14  5.241E+14  5.430E+14  5.520E+14  5.524E+14  5.441E+14  5.262E+14  4.967E+14  4.529E+14  3.919E+14  3.111E+14  2.129E+14
  460.0000  1.167E+14  4.522E+13  1.759E+13  8.306E+12  8.062E+12  1.652E+13  4.208E+13  1.100E+14  2.136E+14  3.171E+14  4.021E+14  4.665E+14  5.126E+14  5.439E+14  5.631E+14  5.723E+14  5.727E+14  5.643E+14  5.460E+14  5.159E+14  4.712E+14  4.087E+14  3.258E+14  2.239E+14
  465.0000  1.191E+14  4.596E+13  1.777E+13  8.396E+12  8.150E+12  1.669E+13  4.273E+13  1.124E+14  2.168E+14  3.198E+14  4.038E+14  4.670E+14  5.123E+14  5.429E+14  5.617E+14  5.707E+14  5.711E+14  5.628E+14  5.449E+14  5.155E+14  4.717E+14  4.102E+14  3.283E+14  2.271E+14
  470.0000  1.221E+14  4.686E+13  1.798E+13  8.493E+12  8.243E+12  1.688E+13  4.353E+13  1.152E+14  2.210E+14  3.241E+14  4.074E+14  4.700E+14  5.147E+14  5.449E+14  5.633E+14  5.722E+14  5.726E+14  5.645E+14  5.469E+14  5.179E+14  4.746E+14  4.139E+14  3.324E+14  2.313E+14
  475.0000  1.270E+14  4.850E+13  1.844E+13  8.697E+12  8.440E+12  1.731E+13  4.500E+13  1.198E+14  2.288E+14  3.336E+14  4.179E+14  4.810E+14  5.258E+14  5.561E+14  5.746E+14  5.835E+14  5.838E+14  5.757E+14  5.581E+14  5.290E+14  4.856E+14  4.244E+14  3.422E+14  2.393E+14
  480.0000  1.330E+14  5.025E+13  1.876E+13  8.776E+12  8.514E+12  1.759E+13  4.656E+13  1.255E+14  2.390E+14  3.475E+14  4.342E+14  4.989E+14  5.449E+14  5.758E+14  5.948E+14  6.039E+14  6.042E+14  5.959E+14  5.779E+14  5.481E+14  5.036E+14  4.408E+14  3.564E+14  2.499E+14
  485.0000  1.241E+14  4.669E+13  1.725E+13  8.062E+12  7.821E+12  1.618E+13  4.321E+13  1.171E+14  2.219E+14  3.209E+14  3.996E+14  4.581E+14  4.996E+14  5.275E+14  5.446E+14  5.527E+14  5.531E+14  5.456E+14  5.294E+14  5.025E+14  4.624E+14  4.056E+14  3.290E+14  2.319E+14
  490.0000  1.331E+14  5.000E+13  1.833E+13  8.585E+12  8.328E+12  1.720E+13  4.624E+13  1.257E+14  2.365E+14  3.401E+14  4.220E+14  4.826E+14  5.256E+14  5.544E+14  5.720E+14  5.804E+14  5.807E+14  5.730E+14  5.563E+14  5.286E+14  4.871E+14  4.282E+14  3.485E+14  2.470E+14
  495.0000  1.390E+14  5.200E+13  1.884E+13  8.808E+12  8.544E+12  1.767E+13  4.803E+13  1.312E+14  2.458E+14  3.518E+14  4.351E+14  4.966E+14  5.401E+14  5.693E+14  5.870E+14  5.956E+14  5.959E+14  5.881E+14  5.712E+14  5.432E+14  5.011E+14  4.414E+14  3.605E+14  2.565E+14
  500.0000  1.345E+14  4.985E+13  1.769E+13  8.200E+12  7.951E+12  1.658E+13  4.598E+13  1.270E+14  2.374E+14  3.390E+14  4.185E+14  4.771E+14  5.185E+14  5.462E+14  5.631E+14  5.712E+14  5.716E+14  5.641E+14  5.481E+14  5.214E+14  4.814E+14  4.245E+14  3.472E+14  2.477E+14
  505.0000  1.378E+14  5.050E+13  1.747E+13  7.997E+12  7.751E+12  1.635E+13  4.649E+13  1.301E+14  2.433E+14  3.469E+14  4.279E+14  4.875E+14  5.295E+14  5.577E+14  5.749E+14  5.831E+14  5.834E+14  5.759E+14  5.596E+14  5.325E+14  4.918E+14  4.340E+14  3.551E+14  2.539E+14
  510.0000  1.406E+14  5.154E+13  1.768E+13  8.115E+12  7.866E+12  1.655E+13  4.741E+13  1.327E+14  2.465E+14  3.497E+14  4.299E+14  4.887E+14  5.302E+14  5.579E+14  5.748E+14  5.829E+14  5.832E+14  5.758E+14  5.597E+14  5.331E+14  4.930E+14  4.359E+14  3.580E+14  2.571E+14
  515.0000  1.334E+14  4.882E+13  1.654E+13  7.587E+12  7.354E+12  1.548E+13  4.487E+13  1.260E+14  2.328E+14  3.288E+14  4.031E+14  4.574E+14  4.957E+14  5.213E+14  5.368E+14  5.443E+14  5.446E+14  5.378E+14  5.229E+14  4.984E+14  4.614E+14  4.087E+14  3.364E+14  2.427E+14
  520.0000  1.396E+14  5.088E+13  1.695E+13  7.741E+12  7.502E+12  1.586E+13  4.671E+13  1.319E+14  2.428E+14  3.418E+14  4.183E+14  4.741E+14  5.133E+14  5.395E+14  5.555E+14  5.631E+14  5.634E+14  5.564E+14  5.412E+14  5.160E+14  4.781E+14  4.240E+14  3.498E+14  2.530E+14
  525.0000  1.413E+14  5.105E+13  1.659E+13  7.498E+12  7.263E+12  1.550E+13  4.679E+13  1.335E+14  2.456E+14  3.454E+14  4.222E+14  4.783E+14  5.177E+14  5.440E+14  5.600E+14  5.677E+14  5.680E+14  5.610E+14  5.457E+14  5.204E+14  4.824E+14  4.280E+14  3.533E+14  2.559E+14
  530.0000  1.491E+14  5.325E+13  1.680E+13  7.477E+12  7.239E+12  1.567E+13  4.872E+13  1.408E+14  2.597E+14  3.652E+14  4.464E+14  5.057E+14  5.473E+14  5.751E+14  5.921E+14  6.002E+14  6.005E+14  5.931E+14  5.770E+14  5.502E+14  5.100E+14  4.525E+14  3.736E+14  2.706E+14
  535.0000  1.466E+14  5.215E+13  1.614E+13  7.144E+12  6.916E+12  1.504E+13  4.766E+13  1.385E+14  2.547E+14  3.574E+14  4.361E+14  4.936E+14  5.339E+14  5.608E+14  5.772E+14  5.851E+14  5.854E+14  5.782E+14  5.626E+14  5.367E+14  4.977E+14  4.421E+14  3.655E+14  2.653E+14
  540.0000  1.498E+14  5.332E+13  1.628E+13  7.203E+12  6.973E+12  1.517E+13  4.869E+13  1.416E+14  2.591E+14  3.622E+14  4.410E+14  4.984E+14  5.386E+14  5.655E+14  5.819E+14  5.897E+14  5.900E+14  5.828E+14  5.673E+14  5.415E+14  5.026E+14  4.470E+14  3.704E+14  2.698E+14
  545.0000  1.538E+14  5.451E+13  1.630E+13  7.164E+12  6.934E+12  1.518E+13  4.972E+13  1.454E+14  2.655E+14  3.706E+14  4.507E+14  5.090E+14  5.498E+14  5.771E+14  5.937E+14  6.016E+14  6.019E+14  5.947E+14  5.789E+14  5.527E+14  5.132E+14  4.567E+14  3.789E+14  2.765E+14
  550.0000  1.566E+14  5.534E+13  1.625E+13  7.110E+12  6.881E+12  1.513E+13  5.043E+13  1.480E+14  2.695E+14  3.752E+14  4.557E+14  5.141E+14  5.551E+14  5.824E+14  5.990E+14  6.070E+14  6.073E+14  6.000E+14  5.842E+14  5.579E+14  5.184E+14  4.618E+14  3.836E+14  2.805E+14
  555.0000  1.580E+14  5.576E+13  1.603E+13  6.978E+12  6.752E+12  1.490E+13  5.076E+13  1.494E+14  2.710E+14  3.762E+14  4.560E+14  5.139E+14  5.544E+14  5.814E+14  5.979E+14  6.057E+14  6.060E+14  5.989E+14  5.832E+14  5.572E+14  5.181E+14  4.620E+14  3.845E+14  2.820E+14
  560.0000  1.545E+14  5.412E+13  1.514E+13  6.513E+12  6.300E+12  1.406E+13  4.920E+13  1.461E+14  2.652E+14  3.682E+14  4.463E+14  5.029E+14  5.426E+14  5.690E+14  5.852E+14  5.929E+14  5.932E+14  5.861E+14  5.708E+14  5.453E+14  5.070E+14  4.522E+14  3.763E+14  2.760E+14
  565.0000  1.550E+14  5.384E+13  1.464E+13  6.217E+12  6.011E+12  1.357E+13  4.887E+13  1.465E+14  2.663E+14  3.699E+14  4.485E+14  5.055E+14  5.454E+14  5.720E+14  5.883E+14  5.960E+14  5.963E+14  5.892E+14  5.738E+14  5.482E+14  5.096E+14  4.544E+14  3.781E+14  2.772E+14
  570.0000  1.553E+14  5.373E+13  1.429E+13  6.017E+12  5.817E+12  1.323E+13  4.873E+13  1.468E+14  2.667E+14  3.701E+14  4.484E+14  5.052E+14  5.450E+14  5.716E+14  5.878E+14  5.955E+14  5.958E+14  5.888E+14  5.734E+14  5.478E+14  5.094E+14  4.543E+14  3.783E+14  2.775E+14
  575.0000  1.602E+14  5.543E+13  1.450E+13  6.084E+12  5.882E+12  1.342E+13  5.024E+13  1.515E+14  2.743E+14  3.798E+14  4.597E+14  5.175E+14  5.579E+14  5.850E+14  6.014E+14  6.093E+14  6.096E+14  6.024E+14  5.868E+14  5.608E+14  5.216E+14  4.656E+14  3.882E+14  2.853E+14
  580.0000  1.622E+14  5.661E+13  1.475E+13  6.230E+12  6.025E+12  1.365E+13  5.131E+13  1.534E+14  2.756E+14  3.796E+14  4.580E+14  5.147E+14  5.543E+14  5.807E+14  5.968E+14  6.045E+14  6.048E+14  5.978E+14  5.824E+14  5.570E+14  5.188E+14  4.639E+14  3.879E+14  2.865E+14
  585.0000  1.671E+14  5.887E+13  1.529E+13  6.505E+12  6.293E+12  1.415E+13  5.338E+13  1.582E+14  2.817E+14  3.860E+14  4.643E+14  5.207E+14  5.601E+14  5.864E+14  6.024E+14  6.100E+14  6.103E+14  6.034E+14  5.881E+14  5.629E+14  5.248E+14  4.702E+14  3.942E+14  2.927E+14
  590.0000  1.645E+14  5.823E+13  1.496E+13  6.374E+12  6.167E+12  1.385E+13  5.279E+13  1.558E+14  2.760E+14  3.769E+14  4.525E+14  5.068E+14  5.448E+14  5.701E+14  5.855E+14  5.928E+14  5.931E+14  5.864E+14  5.717E+14  5.474E+14  5.108E+14  4.581E+14  3.849E+14  2.866E+14
  595.0000  1.688E+14  5.954E+13  1.496E+13  6.317E+12  6.112E+12  1.383E+13  5.393E+13  1.598E+14  2.830E+14  3.865E+14  4.638E+14  5.194E+14  5.583E+14  5.842E+14  6.000E+14  6.075E+14  6.078E+14  6.009E+14  5.859E+14  5.610E+14  5.234E+14  4.695E+14  3.946E+14  2.939E+14
  600.0000  1.649E+14  5.783E+13  1.416E+13  5.907E+12  5.713E+12  1.307E+13  5.233E+13  1.561E+14  2.768E+14  3.782E+14  4.541E+14  5.087E+14  5.468E+14  5.723E+14  5.878E+14  5.952E+14  5.955E+14  5.887E+14  5.739E+14  5.495E+14  5.126E+14  4.597E+14  3.862E+14  2.875E+14
  605.0000  1.698E+14  5.978E+13  1.448E+13  6.035E+12  5.838E+12  1.335E+13  5.409E+13  1.608E+14  2.838E+14  3.867E+14  4.635E+14  5.187E+14  5.573E+14  5.830E+14  5.986E+14  6.061E+14  6.064E+14  5.995E+14  5.847E+14  5.599E+14  5.227E+14  4.692E+14  3.948E+14  2.947E+14
  610.0000  1.737E+14  6.209E+13  1.510E+13  6.374E+12  6.170E+12  1.394E+13  5.622E+13  1.647E+14  2.875E+14  3.892E+14  4.646E+14  5.187E+14  5.565E+14  5.816E+14  5.969E+14  6.042E+14  6.045E+14  5.978E+14  5.833E+14  5.591E+14  5.226E+14  4.702E+14  3.971E+14  2.983E+14
  615.0000  1.761E+14  6.399E+13  1.567E+13  6.708E+12  6.498E+12  1.447E+13  5.801E+13  1.672E+14  2.884E+14  3.876E+14  4.608E+14  5.132E+14  5.497E+14  5.740E+14  5.887E+14  5.958E+14  5.960E+14  5.896E+14  5.756E+14  5.522E+14  5.170E+14  4.663E+14  3.953E+14  2.989E+14
  620.0000  1.847E+14  6.806E+13  1.672E+13  7.237E+12  7.014E+12  1.545E+13  6.175E+13  1.755E+14  2.996E+14  4.003E+14  4.742E+14  5.270E+14  5.637E+14  5.881E+14  6.029E+14  6.100E+14  6.103E+14  6.038E+14  5.897E+14  5.663E+14  5.308E+14  4.797E+14  4.081E+14  3.103E+14
  625.0000  1.861E+14  6.939E+13  1.705E+13  7.440E+12  7.214E+12  1.576E+13  6.299E+13  1.770E+14  2.995E+14  3.980E+14  4.701E+14  5.215E+14  5.571E+14  5.808E+14  5.952E+14  6.021E+14  6.023E+14  5.961E+14  5.824E+14  5.596E+14  5.252E+14  4.755E+14  4.056E+14  3.100E+14
  630.0000  1.921E+14  7.251E+13  1.784E+13  7.854E+12  7.621E+12  1.649E+13  6.587E+13  1.828E+14  3.064E+14  4.051E+14  4.770E+14  5.281E+14  5.635E+14  5.871E+14  6.013E+14  6.082E+14  6.084E+14  6.022E+14  5.886E+14  5.660E+14  5.318E+14  4.823E+14  4.128E+14  3.170E+14
  635.0000  1.968E+14  7.527E+13  1.856E+13  8.254E+12  8.013E+12  1.717E+13  6.844E+13  1.874E+14  3.112E+14  4.091E+14  4.801E+14  5.305E+14  5.654E+14  5.885E+14  6.026E+14  6.093E+14  6.096E+14  6.034E+14  5.901E+14  5.678E+14  5.341E+14  4.854E+14  4.166E+14  3.217E+14
  640.0000  2.007E+14  7.781E+13  1.925E+13  8.644E+12  8.397E+12  1.781E+13  7.080E+13  1.913E+14  3.146E+14  4.113E+14  4.811E+14  5.305E+14  5.647E+14  5.873E+14  6.011E+14  6.076E+14  6.079E+14  6.019E+14  5.888E+14  5.670E+14  5.340E+14  4.862E+14  4.186E+14  3.250E+14
  644.8000  2.052E+14  8.054E+13  1.995E+13  9.037E+12  8.782E+12  1.846E+13  7.334E+13  1.958E+14  3.192E+14  4.152E+14  4.843E+14  5.331E+14  5.668E+14  5.892E+14  6.027E+14  6.092E+14  6.094E+14  6.035E+14  5.906E+14  5.691E+14  5.366E+14  4.894E+14  4.225E+14  3.296E+14
  651.0500  2.093E+14  8.327E+13  2.061E+13  9.408E+12  9.148E+12  1.907E+13  7.589E+13  1.999E+14  3.227E+14  4.174E+14  4.853E+14  5.332E+14  5.662E+14  5.881E+14  6.013E+14  6.076E+14  6.079E+14  6.021E+14  5.895E+14  5.685E+14  5.366E+14  4.903E+14  4.247E+14  3.330E+14
  660.0000  2.079E+14  8.435E+13  2.086E+13  9.625E+12  9.367E+12  1.930E+13  7.696E+13  1.988E+14  3.166E+14  4.063E+14  4.702E+14  5.152E+14  5.461E+14  5.666E+14  5.790E+14  5.849E+14  5.852E+14  5.798E+14  5.680E+14  5.483E+14  5.184E+14  4.749E+14  4.131E+14  3.264E+14
  670.0000  2.244E+14  9.303E+13  2.300E+13  1.073E+13  1.046E+13  2.127E+13  8.500E+13  2.149E+14  3.371E+14  4.289E+14  4.939E+14  5.395E+14  5.708E+14  5.915E+14  6.041E+14  6.101E+14  6.103E+14  6.048E+14  5.929E+14  5.730E+14  5.427E+14  4.987E+14  4.358E+14  3.471E+14
  680.0000  2.306E+14  9.747E+13  2.403E+13  1.130E+13  1.102E+13  2.221E+13  8.917E+13  2.211E+14  3.422E+14  4.322E+14  4.955E+14  5.397E+14  5.701E+14  5.902E+14  6.024E+14  6.082E+14  6.084E+14  6.031E+14  5.916E+14  5.722E+14  5.429E+14  5.001E+14  4.389E+14  3.521E+14
  690.0000  2.369E+14  1.018E+14  2.498E+13  1.180E+13  1.151E+13  2.306E+13  9.327E+13  2.273E+14  3.477E+14  4.362E+14  4.982E+14  5.414E+14  5.711E+14  5.907E+14  6.026E+14  6.083E+14  6.085E+14  6.033E+14  5.920E+14  5.731E+14  5.445E+14  5.027E+14  4.428E+14  3.574E+14
  700.0000  2.424E+14  1.060E+14  2.590E+13  1.228E+13  1.199E+13  2.388E+13  9.722E+13  2.328E+14  3.521E+14  4.388E+14  4.993E+14  5.414E+14  5.703E+14  5.894E+14  6.009E+14  6.064E+14  6.066E+14  6.016E+14  5.906E+14  5.723E+14  5.444E+14  5.037E+14  4.453E+14  3.616E+14
  710.0000  2.449E+14  1.087E+14  2.633E+13  1.247E+13  1.218E+13  2.424E+13  9.972E+13  2.355E+14  3.528E+14  4.374E+14  4.962E+14  5.371E+14  5.651E+14  5.836E+14  5.949E+14  6.002E+14  6.004E+14  5.955E+14  5.849E+14  5.671E+14  5.400E+14  5.005E+14  4.437E+14  3.622E+14
  720.0000  2.446E+14  1.099E+14  2.640E+13  1.248E+13  1.219E+13  2.426E+13  1.010E+14  2.353E+14  3.496E+14  4.314E+14  4.880E+14  5.274E+14  5.544E+14  5.722E+14  5.830E+14  5.881E+14  5.883E+14  5.836E+14  5.733E+14  5.562E+14  5.301E+14  4.921E+14  4.374E+14  3.586E+14
  730.0000  2.469E+14  1.125E+14  2.684E+13  1.265E+13  1.236E+13  2.462E+13  1.034E+14  2.377E+14  3.500E+14  4.298E+14  4.849E+14  5.231E+14  5.493E+14  5.666E+14  5.771E+14  5.821E+14  5.823E+14  5.777E+14  5.677E+14  5.511E+14  5.258E+14  4.889E+14  4.357E+14  3.589E+14
------------------------------------------------------------
Photolysis rate coefficients, s-1
   1 = O3 -> O2 + O(1D)                                  
   2 = H2O2 -> 2 OH                                      
   3 = NO2 -> NO + O(3P)                                 
   4 = NO3 -> NO + O2                                    
   5 = NO3 -> NO2 + O(3P)                                
   6 = CH2O -> H + HCO                                   
   7 = CH2O -> H2 + CO                                   
values at z =      0.500 km
Columns: time, sza, photo-reactions
time, hrs.  sza, deg.          1          2          3          4          5          6          7
    0.0000     82.489  3.848E-07  5.241E-07  1.220E-03  6.801E-03  4.883E-02  1.604E-06  3.989E-06
    1.0000     86.382  1.427E-07  2.220E-07  5.347E-04  2.440E-03  1.743E-02  6.148E-07  1.714E-06
    2.0000     89.142  5.573E-08  8.753E-08  2.210E-04  6.047E-04  5.109E-03  2.219E-07  6.741E-07
    3.0000     90.596  2.863E-08  4.205E-08  1.067E-04  2.575E-04  2.246E-03  1.041E-07  3.224E-07
    4.0000     90.647  2.795E-08  4.091E-08  1.038E-04  2.493E-04  2.175E-03  1.012E-07  3.136E-07
    5.0000     89.291  5.249E-08  8.212E-08  2.077E-04  5.587E-04  4.754E-03  2.074E-07  6.322E-07
    6.0000     86.619  1.329E-07  2.079E-07  5.026E-04  2.212E-03  1.590E-02  5.714E-07  1.606E-06
    7.0000     82.799  3.587E-07  4.947E-07  1.154E-03  6.449E-03  4.617E-02  1.505E-06  3.771E-06
    8.0000     78.055  9.434E-07  1.047E-06  2.333E-03  1.125E-02  8.395E-02  3.448E-06  7.816E-06
    9.0000     72.645  2.299E-06  1.917E-06  3.876E-03  1.524E-02  1.171E-01  6.798E-06  1.405E-05
   10.0000     66.853  4.827E-06  2.998E-06  5.434E-03  1.819E-02  1.424E-01  1.133E-05  2.154E-05
   11.0000     60.993  8.571E-06  4.124E-06  6.795E-03  2.032E-02  1.609E-01  1.633E-05  2.903E-05
   12.0000     55.423  1.307E-05  5.150E-06  7.872E-03  2.180E-02  1.738E-01  2.106E-05  3.557E-05
   13.0000     50.560  1.753E-05  5.979E-06  8.654E-03  2.278E-02  1.825E-01  2.498E-05  4.067E-05
   14.0000     46.878  2.110E-05  6.558E-06  9.158E-03  2.338E-02  1.878E-01  2.775E-05  4.413E-05
   15.0000     44.838  2.312E-05  6.858E-06  9.408E-03  2.367E-02  1.903E-01  2.920E-05  4.589E-05
   16.0000     44.750  2.321E-05  6.871E-06  9.418E-03  2.368E-02  1.904E-01  2.926E-05  4.596E-05
   17.0000     46.629  2.135E-05  6.595E-06  9.190E-03  2.342E-02  1.881E-01  2.793E-05  4.435E-05
   18.0000     50.185  1.789E-05  6.040E-06  8.708E-03  2.285E-02  1.831E-01  2.527E-05  4.104E-05
   19.0000     54.960  1.347E-05  5.231E-06  7.952E-03  2.190E-02  1.747E-01  2.144E-05  3.608E-05
   20.0000     60.480  8.949E-06  4.220E-06  6.902E-03  2.047E-02  1.622E-01  1.677E-05  2.966E-05
   21.0000     66.322  5.118E-06  3.100E-06  5.566E-03  1.841E-02  1.443E-01  1.177E-05  2.224E-05
   22.0000     72.122  2.480E-06  2.011E-06  4.019E-03  1.555E-02  1.197E-01  7.182E-06  1.471E-05
   23.0000     77.564  1.033E-06  1.117E-06  2.469E-03  1.167E-02  8.740E-02  3.704E-06  8.319E-06
------------------------------------------------------------
