Spectral actinic flux, quanta cm-2 s-1 nm-1
values at z =      0.500 km
Columns: wavelength (nm), times (hrs.) or sza (deg.)
    wc, nm      0.000      1.000      2.000      3.000      4.000      5.000      6.000      7.000      8.000      9.000     10.000     11.000     12.000     13.000     14.000     15.000     16.000     17.000     18.000     19.000     20.000     21.000     22.000     23.000
    sza =      82.362     86.255     89.017     90.474     90.530     89.180     86.514     82.700     77.960     72.554     66.763     60.903     55.330     50.461     46.771     44.723     44.630     46.506     50.061     54.836     60.357     66.199     72.000     77.442
  120.7000  0.000E+00  0.000E+00  0.000E+00  0.000E+00  0.000E+00  0.000E+00  0.000E+00  0.000E+00  0.000E+00  0.000E+00  0.000E+00  0.000E+00  0.000E+00  0.000E+00  0.000E+00  0.000E+00  0.000E+00  0.000E+00  0.000E+00  0.000E+00  0.000E+00  0.000E+00  0.000E+00  0.000E+00
  121.6500  0.000E+00  0.000E+00  0.000E+00  0.000E+00  0.000E+00  0.000E+00  0.000E+00  0.000E+00  0.000E+00  0.000E+00  0.000E+00  0.000E+00  0.000E+00  0.000E+00  0.000E+00  0.000E+00  0.000E+00  0.000E+00  0.000E+00  0.000E+00  0.000E+00  0.000E+00  0.000E+00  0.000E+00
  122.1000  0.000E+00  0.000E+00  0.000E+00  0.000E+00  0.000E+00  0.000E+00  0.000E+00  0.000E+00  0.000E+00  0.000E+00  0.000E+00  0.000E+00  0.000E+00  0.000E+00  0.000E+00  0.000E+00  0.000E+00  0.000E+00  0.000E+00  0.000E+00  0.000E+00  0.000E+00  0.000E+00  0.000E+00
  122.7000  0.000E+00  0.000E+00  0.000E+00  0.000E+00  0.000E+00  0.000E+00  0.000E+00  0.000E+00  0.000E+00  0.000E+00  0.000E+00  0.000E+00  0.000E+00  0.000E+00  0.000E+00  0.000E+00  0.000E+00  0.000E+00  0.000E+00  0.000E+00  0.000E+00  0.000E+00  0.000E+00  0.000E+00
  123.4500  0.000E+00  0.000E+00  0.000E+00  0.000E+00  0.000E+00  0.000E+00  0.000E+00  0.000E+00  0.000E+00  0.000E+00  0.000E+00  0.000E+00  0.000E+00  0.000E+00  0.000E+00  0.000E+00  0.000E+00  0.000E+00  0.000E+00  0.000E+00  0.000E+00  0.000E+00  0.000E+00  0.000E+00
  124.2000  0.000E+00  0.000E+00  0.000E+00  0.000E+00  0.000E+00  0.000E+00  0.000E+00  0.000E+00  0.000E+00  0.000E+00  0.000E+00  0.000E+00  0.000E+00  0.000E+00  0.000E+00  0.000E+00  0.000E+00  0.000E+00  0.000E+00  0.000E+00  0.000E+00  0.000E+00  0.000E+00  0.000E+00
  125.0000  0.000E+00  0.000E+00  0.000E+00  0.000E+00  0.000E+00  0.000E+00  0.000E+00  0.000E+00  0.000E+00  0.000E+00  0.000E+00  0.000E+00  0.000E+00  0.000E+00  0.000E+00  0.000E+00  0.000E+00  0.000E+00  0.000E+00  0.000E+00  0.000E+00  0.000E+00  0.000E+00  0.000E+00
  125.8000  0.000E+00  0.000E+00  0.000E+00  0.000E+00  0.000E+00  0.000E+00  0.000E+00  0.000E+00  0.000E+00  0.000E+00  0.000E+00  0.000E+00  0.000E+00  0.000E+00  0.000E+00  0.000E+00  0.000E+00  0.000E+00  0.000E+00  0.000E+00  0.000E+00  0.000E+00  0.000E+00  0.000E+00
  126.6000  0.000E+00  0.000E+00  0.000E+00  0.000E+00  0.000E+00  0.000E+00  0.000E+00  0.000E+00  0.000E+00  0.000E+00  0.000E+00  0.000E+00  0.000E+00  0.000E+00  0.000E+00  0.000E+00  0.000E+00  0.000E+00  0.000E+00  0.000E+00  0.000E+00  0.000E+00  0.000E+00  0.000E+00
  127.8000  0.000E+00  0.000E+00  0.000E+00  0.000E+00  0.000E+00  0.000E+00  0.000E+00  0.000E+00  0.000E+00  0.000E+00  0.000E+00  0.000E+00  0.000E+00  0.000E+00  0.000E+00  0.000E+00  0.000E+00  0.000E+00  0.000E+00  0.000E+00  0.000E+00  0.000E+00  0.000E+00  0.000E+00
  129.0000  0.000E+00  0.000E+00  0.000E+00  0.000E+00  0.000E+00  0.000E+00  0.000E+00  0.000E+00  0.000E+00  0.000E+00  0.000E+00  0.000E+00  0.000E+00  0.000E+00  0.000E+00  0.000E+00  0.000E+00  0.000E+00  0.000E+00  0.000E+00  0.000E+00  0.000E+00  0.000E+00  0.000E+00
  129.8500  0.000E+00  0.000E+00  0.000E+00  0.000E+00  0.000E+00  0.000E+00  0.000E+00  0.000E+00  0.000E+00  0.000E+00  0.000E+00  0.000E+00  0.000E+00  0.000E+00  0.000E+00  0.000E+00  0.000E+00  0.000E+00  0.000E+00  0.000E+00  0.000E+00  0.000E+00  0.000E+00  0.000E+00
  131.1500  0.000E+00  0.000E+00  0.000E+00  0.000E+00  0.000E+00  0.000E+00  0.000E+00  0.000E+00  0.000E+00  0.000E+00  0.000E+00  0.000E+00  0.000E+00  0.000E+00  0.000E+00  0.000E+00  0.000E+00  0.000E+00  0.000E+00  0.000E+00  0.000E+00  0.000E+00  0.000E+00  0.000E+00
  133.5000  0.000E+00  0.000E+00  0.000E+00  0.000E+00  0.000E+00  0.000E+00  0.000E+00  0.000E+00  0.000E+00  0.000E+00  0.000E+00  0.000E+00  0.000E+00  0.000E+00  0.000E+00  0.000E+00  0.000E+00  0.000E+00  0.000E+00  0.000E+00  0.000E+00  0.000E+00  0.000E+00  0.000E+00
  136.0000  0.000E+00  0.000E+00  0.000E+00  0.000E+00  0.000E+00  0.000E+00  0.000E+00  0.000E+00  0.000E+00  0.000E+00  0.000E+00  0.000E+00  0.000E+00  0.000E+00  0.000E+00  0.000E+00  0.000E+00  0.000E+00  0.000E+00  0.000E+00  0.000E+00  0.000E+00  0.000E+00  0.000E+00
  141.0000  0.000E+00  0.000E+00  0.000E+00  0.000E+00  0.000E+00  0.000E+00  0.000E+00  0.000E+00  0.000E+00  0.000E+00  0.000E+00  0.000E+00  0.000E+00  0.000E+00  0.000E+00  0.000E+00  0.000E+00  0.000E+00  0.000E+00  0.000E+00  0.000E+00  0.000E+00  0.000E+00  0.000E+00
  150.0000  0.000E+00  0.000E+00  0.000E+00  0.000E+00  0.000E+00  0.000E+00  0.000E+00  0.000E+00  0.000E+00  0.000E+00  0.000E+00  0.000E+00  0.000E+00  0.000E+00  0.000E+00  0.000E+00  0.000E+00  0.000E+00  0.000E+00  0.000E+00  0.000E+00  0.000E+00  0.000E+00  0.000E+00
  160.0000  0.000E+00  0.000E+00  0.000E+00  0.000E+00  0.000E+00  0.000E+00  0.000E+00  0.000E+00  0.000E+00  0.000E+00  0.000E+00  0.000E+00  0.000E+00  0.000E+00  0.000E+00  0.000E+00  0.000E+00  0.000E+00  0.000E+00  0.000E+00  0.000E+00  0.000E+00  0.000E+00  0.000E+00
  167.5000  0.000E+00  0.000E+00  0.000E+00  0.000E+00  0.000E+00  0.000E+00  0.000E+00  0.000E+00  0.000E+00  0.000E+00  0.000E+00  0.000E+00  0.000E+00  0.000E+00  0.000E+00  0.000E+00  0.000E+00  0.000E+00  0.000E+00  0.000E+00  0.000E+00  0.000E+00  0.000E+00  0.000E+00
  172.2000  0.000E+00  0.000E+00  0.000E+00  0.000E+00  0.000E+00  0.000E+00  0.000E+00  0.000E+00  0.000E+00  0.000E+00  0.000E+00  0.000E+00  0.000E+00  0.000E+00  0.000E+00  0.000E+00  0.000E+00  0.000E+00  0.000E+00  0.000E+00  0.000E+00  0.000E+00  0.000E+00  0.000E+00
  175.7000  0.000E+00  0.000E+00  0.000E+00  0.000E+00  0.000E+00  0.000E+00  0.000E+00  0.000E+00  0.000E+00  0.000E+00  0.000E+00  0.000E+00  0.000E+00  0.000E+00  0.000E+00  0.000E+00  0.000E+00  0.000E+00  0.000E+00  0.000E+00  0.000E+00  0.000E+00  0.000E+00  0.000E+00
  177.8000  0.000E+00  0.000E+00  0.000E+00  0.000E+00  0.000E+00  0.000E+00  0.000E+00  0.000E+00  0.000E+00  0.000E+00  0.000E+00  0.000E+00  0.000E+00  0.000E+00  0.000E+00  0.000E+00  0.000E+00  0.000E+00  0.000E+00  0.000E+00  0.000E+00  0.000E+00  0.000E+00  0.000E+00
  179.4000  0.000E+00  0.000E+00  0.000E+00  0.000E+00  0.000E+00  0.000E+00  0.000E+00  0.000E+00  0.000E+00  0.000E+00  0.000E+00  0.000E+00  0.000E+00  0.000E+00  0.000E+00  0.000E+00  0.000E+00  0.000E+00  0.000E+00  0.000E+00  0.000E+00  0.000E+00  0.000E+00  0.000E+00
  181.0000  0.000E+00  0.000E+00  0.000E+00  0.000E+00  0.000E+00  0.000E+00  0.000E+00  0.000E+00  0.000E+00  0.000E+00  0.000E+00  0.000E+00  0.000E+00  0.000E+00  0.000E+00  0.000E+00  0.000E+00  0.000E+00  0.000E+00  0.000E+00  0.000E+00  0.000E+00  0.000E+00  0.000E+00
  182.6500  0.000E+00  0.000E+00  0.000E+00  0.000E+00  0.000E+00  0.000E+00  0.000E+00  0.000E+00  0.000E+00  0.000E+00  0.000E+00  0.000E+00  0.000E+00  0.000E+00  0.000E+00  0.000E+00  0.000E+00  0.000E+00  0.000E+00  0.000E+00  0.000E+00  0.000E+00  0.000E+00  0.000E+00
  184.3500  0.000E+00  0.000E+00  0.000E+00  0.000E+00  0.000E+00  0.000E+00  0.000E+00  0.000E+00  0.000E+00  0.000E+00  0.000E+00  0.000E+00  0.000E+00  0.000E+00  0.000E+00  0.000E+00  0.000E+00  0.000E+00  0.000E+00  0.000E+00  0.000E+00  0.000E+00  0.000E+00  0.000E+00
  186.0500  0.000E+00  0.000E+00  0.000E+00  0.000E+00  0.000E+00  0.000E+00  0.000E+00  0.000E+00  0.000E+00  0.000E+00  0.000E+00  0.000E+00  0.000E+00  0.000E+00  0.000E+00  0.000E+00  0.000E+00  0.000E+00  0.000E+00  0.000E+00  0.000E+00  0.000E+00  0.000E+00  0.000E+00
  187.8000  0.000E+00  0.000E+00  0.000E+00  0.000E+00  0.000E+00  0.000E+00  0.000E+00  0.000E+00  0.000E+00  0.000E+00  0.000E+00  0.000E+00  0.000E+00  0.000E+00  0.000E+00  0.000E+00  0.000E+00  0.000E+00  0.000E+00  0.000E+00  0.000E+00  0.000E+00  0.000E+00  0.000E+00
  189.6000  0.000E+00  0.000E+00  0.000E+00  0.000E+00  0.000E+00  0.000E+00  0.000E+00  0.000E+00  0.000E+00  0.000E+00  0.000E+00  0.000E+00  0.000E+00  0.000E+00  0.000E+00  0.000E+00  0.000E+00  0.000E+00  0.000E+00  0.000E+00  0.000E+00  0.000E+00  0.000E+00  0.000E+00
  191.4000  0.000E+00  0.000E+00  0.000E+00  0.000E+00  0.000E+00  0.000E+00  0.000E+00  0.000E+00  0.000E+00  0.000E+00  0.000E+00  0.000E+00  0.000E+00  0.000E+00  0.000E+00  0.000E+00  0.000E+00  0.000E+00  0.000E+00  0.000E+00  0.000E+00  0.000E+00  0.000E+00  0.000E+00
  193.2500  0.000E+00  0.000E+00  0.000E+00  0.000E+00  0.000E+00  0.000E+00  0.000E+00  0.000E+00  0.000E+00  0.000E+00  0.000E+00  0.000E+00  0.000E+00  0.000E+00  0.000E+00  0.000E+00  0.000E+00  0.000E+00  0.000E+00  0.000E+00  0.000E+00  0.000E+00  0.000E+00  0.000E+00
  195.1500  0.000E+00  0.000E+00  0.000E+00  0.000E+00  0.000E+00  0.000E+00  0.000E+00  0.000E+00  0.000E+00  0.000E+00  0.000E+00  0.000E+00  0.000E+00  0.000E+00  0.000E+00  0.000E+00  0.000E+00  0.000E+00  0.000E+00  0.000E+00  0.000E+00  0.000E+00  0.000E+00  0.000E+00
  197.0500  0.000E+00  0.000E+00  0.000E+00  0.000E+00  0.000E+00  0.000E+00  0.000E+00  0.000E+00  0.000E+00  0.000E+00  0.000E+00  0.000E+00  0.000E+00  0.000E+00  0.000E+00  0.000E+00  0.000E+00  0.000E+00  0.000E+00  0.000E+00  0.000E+00  0.000E+00  0.000E+00  0.000E+00
  199.0000  0.000E+00  0.000E+00  0.000E+00  0.000E+00  0.000E+00  0.000E+00  0.000E+00  0.000E+00  0.000E+00  0.000E+00  0.000E+00  0.000E+00  0.000E+00  0.000E+00  0.000E+00  0.000E+00  0.000E+00  0.000E+00  0.000E+00  0.000E+00  0.000E+00  0.000E+00  0.000E+00  0.000E+00
  201.0000  0.000E+00  0.000E+00  0.000E+00  0.000E+00  0.000E+00  0.000E+00  0.000E+00  0.000E+00  0.000E+00  0.000E+00  0.000E+00  0.000E+00  0.000E+00  0.000E+00  0.000E+00  0.000E+00  0.000E+00  0.000E+00  0.000E+00  0.000E+00  0.000E+00  0.000E+00  0.000E+00  0.000E+00
  203.0500  0.000E+00  0.000E+00  0.000E+00  0.000E+00  0.000E+00  0.000E+00  0.000E+00  0.000E+00  0.000E+00  0.000E+00  0.000E+00  0.000E+00  0.000E+00  0.000E+00  0.000E+00  0.000E+00  0.000E+00  0.000E+00  0.000E+00  0.000E+00  0.000E+00  0.000E+00  0.000E+00  0.000E+00
  204.9500  0.000E+00  0.000E+00  0.000E+00  0.000E+00  0.000E+00  0.000E+00  0.000E+00  0.000E+00  0.000E+00  0.000E+00  0.000E+00  0.000E+00  0.000E+00  0.000E+00  0.000E+00  0.000E+00  0.000E+00  0.000E+00  0.000E+00  0.000E+00  0.000E+00  0.000E+00  0.000E+00  0.000E+00
  207.0665  0.000E+00  0.000E+00  0.000E+00  0.000E+00  0.000E+00  0.000E+00  0.000E+00  0.000E+00  0.000E+00  0.000E+00  0.000E+00  0.000E+00  0.000E+00  0.000E+00  0.000E+00  0.000E+00  0.000E+00  0.000E+00  0.000E+00  0.000E+00  0.000E+00  0.000E+00  0.000E+00  0.000E+00
  209.4295  0.000E+00  0.000E+00  0.000E+00  0.000E+00  0.000E+00  0.000E+00  0.000E+00  0.000E+00  0.000E+00  0.000E+00  0.000E+00  0.000E+00  0.000E+00  0.000E+00  0.000E+00  0.000E+00  0.000E+00  0.000E+00  0.000E+00  0.000E+00  0.000E+00  0.000E+00  0.000E+00  0.000E+00
  211.6460  0.000E+00  0.000E+00  0.000E+00  0.000E+00  0.000E+00  0.000E+00  0.000E+00  0.000E+00  0.000E+00  0.000E+00  0.000E+00  0.000E+00  0.000E+00  0.000E+00  0.000E+00  0.000E+00  0.000E+00  0.000E+00  0.000E+00  0.000E+00  0.000E+00  0.000E+00  0.000E+00  0.000E+00
  213.9100  0.000E+00  0.000E+00  0.000E+00  0.000E+00  0.000E+00  0.000E+00  0.000E+00  0.000E+00  0.000E+00  0.000E+00  0.000E+00  0.000E+00  0.000E+00  0.000E+00  0.000E+00  0.000E+00  0.000E+00  0.000E+00  0.000E+00  0.000E+00  0.000E+00  0.000E+00  0.000E+00  0.000E+00
  216.2225  0.000E+00  0.000E+00  0.000E+00  0.000E+00  0.000E+00  0.000E+00  0.000E+00  0.000E+00  0.000E+00  0.000E+00  0.000E+00  0.000E+00  0.000E+00  0.000E+00  0.000E+00  0.000E+00  0.000E+00  0.000E+00  0.000E+00  0.000E+00  0.000E+00  0.000E+00  0.000E+00  0.000E+00
  218.5855  0.000E+00  0.000E+00  0.000E+00  0.000E+00  0.000E+00  0.000E+00  0.000E+00  0.000E+00  0.000E+00  0.000E+00  0.000E+00  0.000E+00  0.000E+00  0.000E+00  0.000E+00  0.000E+00  0.000E+00  0.000E+00  0.000E+00  0.000E+00  0.000E+00  0.000E+00  0.000E+00  0.000E+00
  221.0010  0.000E+00  0.000E+00  0.000E+00  0.000E+00  0.000E+00  0.000E+00  0.000E+00  0.000E+00  0.000E+00  0.000E+00  0.000E+00  0.000E+00  0.000E+00  0.000E+00  0.000E+00  0.000E+00  0.000E+00  0.000E+00  0.000E+00  0.000E+00  0.000E+00  0.000E+00  0.000E+00  0.000E+00
  223.4705  0.000E+00  0.000E+00  0.000E+00  0.000E+00  0.000E+00  0.000E+00  0.000E+00  0.000E+00  0.000E+00  0.000E+00  0.000E+00  0.000E+00  0.000E+00  0.000E+00  0.000E+00  0.000E+00  0.000E+00  0.000E+00  0.000E+00  0.000E+00  0.000E+00  0.000E+00  0.000E+00  0.000E+00
  225.9960  0.000E+00  0.000E+00  0.000E+00  0.000E+00  0.000E+00  0.000E+00  0.000E+00  0.000E+00  0.000E+00  0.000E+00  0.000E+00  0.000E+00  0.000E+00  0.000E+00  0.000E+00  0.000E+00  0.000E+00  0.000E+00  0.000E+00  0.000E+00  0.000E+00  0.000E+00  0.000E+00  0.000E+00
  228.5790  0.000E+00  0.000E+00  0.000E+00  0.000E+00  0.000E+00  0.000E+00  0.000E+00  0.000E+00  0.000E+00  0.000E+00  0.000E+00  0.000E+00  0.000E+00  0.000E+00  0.000E+00  0.000E+00  0.000E+00  0.000E+00  0.000E+00  0.000E+00  0.000E+00  0.000E+00  0.000E+00  0.000E+00
  231.2215  0.000E+00  0.000E+00  0.000E+00  0.000E+00  0.000E+00  0.000E+00  0.000E+00  0.000E+00  0.000E+00  0.000E+00  0.000E+00  0.000E+00  0.000E+00  0.000E+00  0.000E+00  0.000E+00  0.000E+00  0.000E+00  0.000E+00  0.000E+00  0.000E+00  0.000E+00  0.000E+00  0.000E+00
  233.9260  0.000E+00  0.000E+00  0.000E+00  0.000E+00  0.000E+00  0.000E+00  0.000E+00  0.000E+00  0.000E+00  0.000E+00  0.000E+00  0.000E+00  0.000E+00  0.000E+00  0.000E+00  0.000E+00  0.000E+00  0.000E+00  0.000E+00  0.000E+00  0.000E+00  0.000E+00  0.000E+00  0.000E+00
  236.6945  0.000E+00  0.000E+00  0.000E+00  0.000E+00  0.000E+00  0.000E+00  0.000E+00  0.000E+00  0.000E+00  0.000E+00  0.000E+00  0.000E+00  0.000E+00  0.000E+00  0.000E+00  0.000E+00  0.000E+00  0.000E+00  0.000E+00  0.000E+00  0.000E+00  0.000E+00  0.000E+00  0.000E+00
  239.5295  0.000E+00  0.000E+00  0.000E+00  0.000E+00  0.000E+00  0.000E+00  0.000E+00  0.000E+00  0.000E+00  0.000E+00  0.000E+00  0.000E+00  0.000E+00  0.000E+00  0.000E+00  0.000E+00  0.000E+00  0.000E+00  0.000E+00  0.000E+00  0.000E+00  0.000E+00  0.000E+00  0.000E+00
  242.4330  0.000E+00  0.000E+00  0.000E+00  0.000E+00  0.000E+00  0.000E+00  0.000E+00  0.000E+00  0.000E+00  0.000E+00  0.000E+00  0.000E+00  0.000E+00  0.000E+00  0.000E+00  0.000E+00  0.000E+00  0.000E+00  0.000E+00  0.000E+00  0.000E+00  0.000E+00  0.000E+00  0.000E+00
  245.4080  0.000E+00  0.000E+00  0.000E+00  0.000E+00  0.000E+00  0.000E+00  0.000E+00  0.000E+00  0.000E+00  0.000E+00  0.000E+00  0.000E+00  0.000E+00  0.000E+00  0.000E+00  0.000E+00  0.000E+00  0.000E+00  0.000E+00  0.000E+00  0.000E+00  0.000E+00  0.000E+00  0.000E+00
  248.4570  0.000E+00  0.000E+00  0.000E+00  0.000E+00  0.000E+00  0.000E+00  0.000E+00  0.000E+00  0.000E+00  0.000E+00  0.000E+00  0.000E+00  0.000E+00  0.000E+00  0.000E+00  0.000E+00  0.000E+00  0.000E+00  0.000E+00  0.000E+00  0.000E+00  0.000E+00  0.000E+00  0.000E+00
  251.5825  0.000E+00  0.000E+00  0.000E+00  0.000E+00  0.000E+00  0.000E+00  0.000E+00  0.000E+00  0.000E+00  0.000E+00  0.000E+00  0.000E+00  0.000E+00  0.000E+00  0.000E+00  0.000E+00  0.000E+00  0.000E+00  0.000E+00  0.000E+00  0.000E+00  0.000E+00  0.000E+00  0.000E+00
  254.7875  0.000E+00  0.000E+00  0.000E+00  0.000E+00  0.000E+00  0.000E+00  0.000E+00  0.000E+00  0.000E+00  0.000E+00  0.000E+00  0.000E+00  0.000E+00  0.000E+00  0.000E+00  0.000E+00  0.000E+00  0.000E+00  0.000E+00  0.000E+00  0.000E+00  0.000E+00  0.000E+00  0.000E+00
  258.0750  0.000E+00  0.000E+00  0.000E+00  0.000E+00  0.000E+00  0.000E+00  0.000E+00  0.000E+00  0.000E+00  0.000E+00  0.000E+00  0.000E+00  0.000E+00  0.000E+00  0.000E+00  0.000E+00  0.000E+00  0.000E+00  0.000E+00  0.000E+00  0.000E+00  0.000E+00  0.000E+00  0.000E+00
  261.4490  0.000E+00  0.000E+00  0.000E+00  0.000E+00  0.000E+00  0.000E+00  0.000E+00  0.000E+00  0.000E+00  0.000E+00  0.000E+00  0.000E+00  0.000E+00  0.000E+00  0.000E+00  0.000E+00  0.000E+00  0.000E+00  0.000E+00  0.000E+00  0.000E+00  0.000E+00  0.000E+00  0.000E+00
  264.9125  0.000E+00  0.000E+00  0.000E+00  0.000E+00  0.000E+00  0.000E+00  0.000E+00  0.000E+00  0.000E+00  0.000E+00  0.000E+00  0.000E+00  0.000E+00  0.000E+00  0.000E+00  0.000E+00  0.000E+00  0.000E+00  0.000E+00  0.000E+00  0.000E+00  0.000E+00  0.000E+00  0.000E+00
  268.4685  0.000E+00  0.000E+00  0.000E+00  0.000E+00  0.000E+00  0.000E+00  0.000E+00  0.000E+00  0.000E+00  0.000E+00  0.000E+00  0.000E+00  0.000E+00  0.000E+00  0.000E+00  0.000E+00  0.000E+00  0.000E+00  0.000E+00  0.000E+00  0.000E+00  0.000E+00  0.000E+00  0.000E+00
  272.1215  0.000E+00  0.000E+00  0.000E+00  0.000E+00  0.000E+00  0.000E+00  0.000E+00  0.000E+00  0.000E+00  0.000E+00  0.000E+00  0.000E+00  0.000E+00  0.000E+00  0.000E+00  0.000E+00  0.000E+00  0.000E+00  0.000E+00  0.000E+00  0.000E+00  0.000E+00  0.000E+00  0.000E+00
  275.8755  0.000E+00  0.000E+00  0.000E+00  0.000E+00  0.000E+00  0.000E+00  0.000E+00  0.000E+00  0.000E+00  0.000E+00  0.000E+00  0.000E+00  0.000E+00  0.000E+00  0.000E+00  0.000E+00  0.000E+00  0.000E+00  0.000E+00  0.000E+00  0.000E+00  0.000E+00  0.000E+00  0.000E+00
  279.7340  0.000E+00  0.000E+00  0.000E+00  0.000E+00  0.000E+00  0.000E+00  0.000E+00  0.000E+00  0.000E+00  0.000E+00  0.000E+00  0.000E+00  0.000E+00  0.000E+00  0.000E+00  0.000E+00  0.000E+00  0.000E+00  0.000E+00  0.000E+00  0.000E+00  0.000E+00  0.000E+00  0.000E+00
  283.7020  0.000E+00  0.000E+00  0.000E+00  0.000E+00  0.000E+00  0.000E+00  0.000E+00  0.000E+00  0.000E+00  0.000E+00  0.000E+00  0.000E+00  0.000E+00  0.000E+00  0.000E+00  0.000E+00  0.000E+00  0.000E+00  0.000E+00  0.000E+00  0.000E+00  0.000E+00  0.000E+00  0.000E+00
  287.7845  0.000E+00  0.000E+00  0.000E+00  0.000E+00  0.000E+00  0.000E+00  0.000E+00  0.000E+00  0.000E+00  0.000E+00  0.000E+00  0.000E+00  0.000E+00  0.000E+00  0.000E+00  0.000E+00  0.000E+00  0.000E+00  0.000E+00  0.000E+00  0.000E+00  0.000E+00  0.000E+00  0.000E+00
  291.9865  7.504E+05  4.828E+05  2.965E+05  1.921E+05  1.884E+05  2.855E+05  4.655E+05  7.262E+05  1.313E+06  1.688E+06  2.725E+06  5.455E+06  1.891E+07  7.098E+07  1.778E+08  2.809E+08  2.866E+08  1.891E+08  7.885E+07  2.160E+07  5.986E+06  2.870E+06  1.764E+06  1.147E+06
  296.3090  1.231E+08  7.566E+07  4.531E+07  2.923E+07  2.866E+07  4.357E+07  7.274E+07  1.186E+08  1.933E+08  3.236E+08  6.917E+08  2.453E+09  8.843E+09  2.263E+10  4.076E+10  5.423E+10  5.491E+10  4.236E+10  2.424E+10  9.811E+09  2.795E+09  7.653E+08  3.427E+08  2.014E+08
  300.5000  2.717E+09  1.547E+09  8.845E+08  5.607E+08  5.496E+08  8.486E+08  1.481E+09  2.600E+09  4.624E+09  1.079E+10  3.855E+10  1.328E+11  3.317E+11  6.136E+11  8.939E+11  1.072E+12  1.080E+12  9.161E+11  6.413E+11  3.555E+11  1.469E+11  4.385E+10  1.200E+10  5.007E+09
  303.0000  1.567E+10  8.317E+09  4.541E+09  2.824E+09  2.766E+09  4.346E+09  7.923E+09  1.489E+10  3.132E+10  9.958E+10  3.628E+11  1.009E+12  2.064E+12  3.313E+12  4.420E+12  5.078E+12  5.108E+12  4.504E+12  3.428E+12  2.177E+12  1.093E+12  4.059E+11  1.134E+11  3.453E+10
  304.0000  2.127E+10  1.099E+10  5.905E+09  3.646E+09  3.570E+09  5.647E+09  1.045E+10  2.015E+10  4.548E+10  1.552E+11  5.443E+11  1.420E+12  2.761E+12  4.282E+12  5.593E+12  6.359E+12  6.394E+12  5.691E+12  4.419E+12  2.902E+12  1.530E+12  6.051E+11  1.768E+11  5.065E+10
  305.0000  3.957E+10  1.946E+10  1.018E+10  6.211E+09  6.081E+09  9.719E+09  1.846E+10  3.727E+10  9.472E+10  3.425E+11  1.116E+12  2.670E+12  4.862E+12  7.216E+12  9.173E+12  1.029E+13  1.035E+13  9.317E+12  7.422E+12  5.084E+12  2.855E+12  1.230E+12  3.885E+11  1.069E+11
  306.0000  4.680E+10  2.202E+10  1.128E+10  6.815E+09  6.670E+09  1.076E+10  2.085E+10  4.384E+10  1.217E+11  4.467E+11  1.369E+12  3.089E+12  5.391E+12  7.775E+12  9.713E+12  1.081E+13  1.086E+13  9.854E+12  7.982E+12  5.619E+12  3.288E+12  1.499E+12  5.039E+11  1.385E+11
  307.0000  7.980E+10  3.515E+10  1.750E+10  1.044E+10  1.021E+10  1.666E+10  3.319E+10  7.418E+10  2.271E+11  8.193E+11  2.339E+12  4.950E+12  8.254E+12  1.155E+13  1.416E+13  1.562E+13  1.569E+13  1.435E+13  1.183E+13  8.574E+12  5.242E+12  2.544E+12  9.202E+11  2.596E+11
  308.0000  1.274E+11  5.184E+10  2.495E+10  1.466E+10  1.433E+10  2.371E+10  4.877E+10  1.175E+11  3.878E+11  1.343E+12  3.559E+12  7.094E+12  1.134E+13  1.543E+13  1.860E+13  2.035E+13  2.043E+13  1.883E+13  1.577E+13  1.174E+13  7.477E+12  3.846E+12  1.497E+12  4.438E+11
  309.0000  1.609E+11  6.204E+10  2.917E+10  1.696E+10  1.658E+10  2.769E+10  5.821E+10  1.476E+11  5.036E+11  1.690E+12  4.287E+12  8.257E+12  1.289E+13  1.726E+13  2.061E+13  2.245E+13  2.253E+13  2.085E+13  1.763E+13  1.332E+13  8.681E+12  4.615E+12  1.875E+12  5.753E+11
  310.0000  2.416E+11  8.348E+10  3.704E+10  2.101E+10  2.052E+10  3.506E+10  7.781E+10  2.200E+11  7.686E+11  2.372E+12  5.521E+12  9.973E+12  1.490E+13  1.939E+13  2.276E+13  2.458E+13  2.466E+13  2.299E+13  1.976E+13  1.535E+13  1.043E+13  5.901E+12  2.609E+12  8.717E+11
  311.0000  4.938E+11  1.631E+11  7.030E+10  3.940E+10  3.846E+10  6.644E+10  1.516E+11  4.486E+11  1.562E+12  4.632E+12  1.041E+13  1.832E+13  2.687E+13  3.455E+13  4.024E+13  4.330E+13  4.344E+13  4.064E+13  3.517E+13  2.764E+13  1.912E+13  1.110E+13  5.083E+12  1.768E+12
  312.0000  5.956E+11  1.859E+11  7.608E+10  4.175E+10  4.073E+10  7.173E+10  1.718E+11  5.404E+11  1.835E+12  5.127E+12  1.090E+13  1.846E+13  2.638E+13  3.335E+13  3.845E+13  4.117E+13  4.130E+13  3.881E+13  3.391E+13  2.709E+13  1.921E+13  1.157E+13  5.579E+12  2.063E+12
  313.0000  9.168E+11  2.759E+11  1.064E+11  5.694E+10  5.549E+10  1.000E+11  2.535E+11  8.325E+11  2.701E+12  7.051E+12  1.423E+13  2.321E+13  3.235E+13  4.023E+13  4.592E+13  4.894E+13  4.907E+13  4.632E+13  4.086E+13  3.316E+13  2.409E+13  1.503E+13  7.631E+12  3.017E+12
  314.0000  1.139E+12  3.395E+11  1.277E+11  6.759E+10  6.583E+10  1.199E+11  3.112E+11  1.035E+12  3.293E+12  8.382E+12  1.657E+13  2.663E+13  3.674E+13  4.538E+13  5.158E+13  5.486E+13  5.500E+13  5.201E+13  4.607E+13  3.763E+13  2.761E+13  1.748E+13  9.037E+12  3.670E+12
  316.0000  1.946E+12  5.906E+11  2.029E+11  1.020E+11  9.913E+10  1.893E+11  5.384E+11  1.780E+12  5.080E+12  1.161E+13  2.125E+13  3.235E+13  4.304E+13  5.190E+13  5.815E+13  6.141E+13  6.156E+13  5.858E+13  5.260E+13  4.396E+13  3.341E+13  2.228E+13  1.245E+13  5.587E+12
  320.0000  4.485E+12  1.522E+12  5.027E+11  2.363E+11  2.291E+11  4.659E+11  1.391E+12  4.152E+12  1.023E+13  2.080E+13  3.496E+13  5.017E+13  6.410E+13  7.529E+13  8.300E+13  8.698E+13  8.715E+13  8.352E+13  7.615E+13  6.528E+13  5.157E+13  3.641E+13  2.208E+13  1.110E+13
  325.0000  9.282E+12  3.675E+12  1.313E+12  6.065E+11  5.872E+11  1.218E+12  3.395E+12  8.692E+12  1.882E+13  3.495E+13  5.471E+13  7.487E+13  9.260E+13  1.064E+14  1.158E+14  1.206E+14  1.208E+14  1.164E+14  1.075E+14  9.407E+13  7.668E+13  5.668E+13  3.669E+13  2.020E+13
  330.0000  1.455E+13  6.251E+12  2.413E+12  1.142E+12  1.106E+12  2.247E+12  5.815E+12  1.369E+13  2.802E+13  4.981E+13  7.565E+13  1.011E+14  1.229E+14  1.396E+14  1.509E+14  1.565E+14  1.568E+14  1.516E+14  1.409E+14  1.247E+14  1.033E+14  7.816E+13  5.220E+13  2.992E+13
  335.0000  1.615E+13  7.311E+12  3.000E+12  1.462E+12  1.418E+12  2.804E+12  6.835E+12  1.525E+13  3.020E+13  5.233E+13  7.778E+13  1.022E+14  1.228E+14  1.383E+14  1.487E+14  1.539E+14  1.541E+14  1.494E+14  1.395E+14  1.244E+14  1.043E+14  8.022E+13  5.466E+13  3.216E+13
  340.0000  1.905E+13  8.792E+12  3.705E+12  1.832E+12  1.777E+12  3.469E+12  8.237E+12  1.801E+13  3.534E+13  6.055E+13  8.890E+13  1.156E+14  1.377E+14  1.544E+14  1.653E+14  1.708E+14  1.711E+14  1.661E+14  1.556E+14  1.395E+14  1.179E+14  9.158E+13  6.312E+13  3.759E+13
  345.0000  1.989E+13  9.236E+12  3.940E+12  1.962E+12  1.903E+12  3.693E+12  8.660E+12  1.880E+13  3.685E+13  6.273E+13  9.125E+13  1.176E+14  1.393E+14  1.555E+14  1.660E+14  1.713E+14  1.716E+14  1.667E+14  1.567E+14  1.411E+14  1.199E+14  9.392E+13  6.553E+13  3.918E+13
  350.0000  2.153E+13  9.934E+12  4.227E+12  2.098E+12  2.035E+12  3.960E+12  9.312E+12  2.034E+13  4.012E+13  6.813E+13  9.846E+13  1.262E+14  1.487E+14  1.653E+14  1.762E+14  1.816E+14  1.818E+14  1.769E+14  1.666E+14  1.505E+14  1.285E+14  1.013E+14  7.108E+13  4.266E+13
  355.0000  2.374E+13  1.093E+13  4.661E+12  2.315E+12  2.245E+12  4.368E+12  1.024E+13  2.242E+13  4.438E+13  7.500E+13  1.076E+14  1.369E+14  1.605E+14  1.778E+14  1.891E+14  1.947E+14  1.949E+14  1.898E+14  1.791E+14  1.624E+14  1.394E+14  1.106E+14  7.817E+13  4.718E+13
  360.0000  2.256E+13  1.033E+13  4.404E+12  2.184E+12  2.119E+12  4.127E+12  9.683E+12  2.129E+13  4.232E+13  7.120E+13  1.014E+14  1.282E+14  1.496E+14  1.652E+14  1.753E+14  1.803E+14  1.806E+14  1.760E+14  1.664E+14  1.513E+14  1.305E+14  1.041E+14  7.419E+13  4.499E+13
  365.0000  2.980E+13  1.356E+13  5.774E+12  2.859E+12  2.772E+12  5.410E+12  1.271E+13  2.811E+13  5.608E+13  9.387E+13  1.327E+14  1.668E+14  1.938E+14  2.134E+14  2.259E+14  2.322E+14  2.324E+14  2.268E+14  2.148E+14  1.959E+14  1.697E+14  1.362E+14  9.771E+13  5.959E+13
  370.0000  3.217E+13  1.453E+13  6.177E+12  3.052E+12  2.959E+12  5.787E+12  1.361E+13  3.032E+13  6.070E+13  1.011E+14  1.419E+14  1.773E+14  2.051E+14  2.251E+14  2.379E+14  2.443E+14  2.446E+14  2.388E+14  2.266E+14  2.073E+14  1.803E+14  1.456E+14  1.051E+14  6.449E+13
  375.0000  3.017E+13  1.352E+13  5.736E+12  2.828E+12  2.742E+12  5.373E+12  1.266E+13  2.841E+13  5.704E+13  9.444E+13  1.317E+14  1.636E+14  1.885E+14  2.063E+14  2.177E+14  2.233E+14  2.235E+14  2.184E+14  2.076E+14  1.904E+14  1.662E+14  1.350E+14  9.816E+13  6.059E+13
  380.0000  3.600E+13  1.601E+13  6.777E+12  3.335E+12  3.233E+12  6.347E+12  1.499E+13  3.389E+13  6.818E+13  1.122E+14  1.553E+14  1.919E+14  2.202E+14  2.404E+14  2.533E+14  2.596E+14  2.599E+14  2.541E+14  2.419E+14  2.224E+14  1.950E+14  1.592E+14  1.165E+14  7.239E+13
  385.0000  2.818E+13  1.243E+13  5.250E+12  2.578E+12  2.499E+12  4.917E+12  1.163E+13  2.652E+13  5.341E+13  8.732E+13  1.201E+14  1.476E+14  1.687E+14  1.837E+14  1.932E+14  1.979E+14  1.981E+14  1.938E+14  1.848E+14  1.704E+14  1.498E+14  1.230E+14  9.062E+13  5.668E+13
  390.0000  3.821E+13  1.671E+13  7.043E+12  3.452E+12  3.345E+12  6.594E+12  1.563E+13  3.594E+13  7.242E+13  1.176E+14  1.606E+14  1.964E+14  2.237E+14  2.430E+14  2.552E+14  2.612E+14  2.614E+14  2.560E+14  2.444E+14  2.258E+14  1.994E+14  1.644E+14  1.220E+14  7.681E+13
  395.0000  3.078E+13  1.334E+13  5.611E+12  2.745E+12  2.660E+12  5.253E+12  1.248E+13  2.893E+13  5.830E+13  9.402E+13  1.276E+14  1.552E+14  1.762E+14  1.909E+14  2.002E+14  2.048E+14  2.050E+14  2.008E+14  1.920E+14  1.778E+14  1.575E+14  1.305E+14  9.745E+13  6.179E+13
  400.0000  5.933E+13  2.550E+13  1.070E+13  5.226E+12  5.063E+12  1.001E+13  2.384E+13  5.575E+13  1.122E+14  1.797E+14  2.423E+14  2.934E+14  3.319E+14  3.588E+14  3.758E+14  3.841E+14  3.845E+14  3.769E+14  3.608E+14  3.348E+14  2.975E+14  2.477E+14  1.861E+14  1.189E+14
  405.0000  6.279E+13  2.676E+13  1.120E+13  5.462E+12  5.291E+12  1.048E+13  2.501E+13  5.897E+13  1.185E+14  1.885E+14  2.525E+14  3.043E+14  3.432E+14  3.703E+14  3.873E+14  3.956E+14  3.960E+14  3.884E+14  3.722E+14  3.462E+14  3.085E+14  2.580E+14  1.950E+14  1.255E+14
  410.0000  6.717E+13  2.839E+13  1.184E+13  5.769E+12  5.587E+12  1.108E+13  2.651E+13  6.307E+13  1.265E+14  1.997E+14  2.659E+14  3.191E+14  3.587E+14  3.863E+14  4.036E+14  4.120E+14  4.123E+14  4.047E+14  3.883E+14  3.618E+14  3.234E+14  2.716E+14  2.065E+14  1.338E+14
  415.0000  7.261E+13  3.044E+13  1.266E+13  6.161E+12  5.966E+12  1.185E+13  2.841E+13  6.817E+13  1.363E+14  2.137E+14  2.828E+14  3.379E+14  3.788E+14  4.071E+14  4.248E+14  4.334E+14  4.338E+14  4.260E+14  4.092E+14  3.819E+14  3.423E+14  2.887E+14  2.208E+14  1.441E+14
  420.0000  7.599E+13  3.160E+13  1.310E+13  6.367E+12  6.165E+12  1.226E+13  2.947E+13  7.133E+13  1.422E+14  2.213E+14  2.911E+14  3.465E+14  3.873E+14  4.155E+14  4.331E+14  4.417E+14  4.420E+14  4.343E+14  4.176E+14  3.904E+14  3.509E+14  2.970E+14  2.284E+14  1.502E+14
  425.0000  7.513E+13  3.099E+13  1.279E+13  6.209E+12  6.012E+12  1.197E+13  2.888E+13  7.051E+13  1.400E+14  2.165E+14  2.832E+14  3.358E+14  3.744E+14  4.010E+14  4.175E+14  4.255E+14  4.259E+14  4.186E+14  4.029E+14  3.773E+14  3.399E+14  2.889E+14  2.234E+14  1.479E+14
  430.0000  7.182E+13  2.942E+13  1.209E+13  5.868E+12  5.681E+12  1.131E+13  2.739E+13  6.740E+13  1.333E+14  2.046E+14  2.662E+14  3.144E+14  3.497E+14  3.739E+14  3.889E+14  3.962E+14  3.965E+14  3.899E+14  3.756E+14  3.523E+14  3.182E+14  2.714E+14  2.109E+14  1.406E+14
  435.0000  8.630E+13  3.509E+13  1.435E+13  6.963E+12  6.741E+12  1.343E+13  3.265E+13  8.099E+13  1.595E+14  2.431E+14  3.146E+14  3.702E+14  4.108E+14  4.386E+14  4.558E+14  4.641E+14  4.644E+14  4.569E+14  4.405E+14  4.139E+14  3.746E+14  3.206E+14  2.507E+14  1.681E+14
  440.0000  9.173E+13  3.702E+13  1.505E+13  7.290E+12  7.056E+12  1.408E+13  3.441E+13  8.609E+13  1.688E+14  2.556E+14  3.292E+14  3.861E+14  4.274E+14  4.557E+14  4.731E+14  4.816E+14  4.819E+14  4.742E+14  4.577E+14  4.305E+14  3.906E+14  3.353E+14  2.634E+14  1.778E+14
  445.0000  1.018E+14  4.083E+13  1.650E+13  7.986E+12  7.730E+12  1.543E+13  3.791E+13  9.557E+13  1.864E+14  2.805E+14  3.595E+14  4.203E+14  4.643E+14  4.943E+14  5.128E+14  5.217E+14  5.221E+14  5.140E+14  4.964E+14  4.676E+14  4.251E+14  3.661E+14  2.889E+14  1.962E+14
  450.0000  1.119E+14  4.462E+13  1.792E+13  8.676E+12  8.397E+12  1.677E+13  4.139E+13  1.051E+14  2.039E+14  3.047E+14  3.887E+14  4.529E+14  4.993E+14  5.309E+14  5.503E+14  5.597E+14  5.601E+14  5.515E+14  5.331E+14  5.028E+14  4.580E+14  3.957E+14  3.137E+14  2.144E+14
  455.0000  1.131E+14  4.482E+13  1.788E+13  8.653E+12  8.374E+12  1.673E+13  4.153E+13  1.062E+14  2.049E+14  3.043E+14  3.865E+14  4.490E+14  4.940E+14  5.245E+14  5.433E+14  5.524E+14  5.527E+14  5.445E+14  5.267E+14  4.974E+14  4.539E+14  3.932E+14  3.131E+14  2.154E+14
  460.0000  1.194E+14  4.694E+13  1.851E+13  8.921E+12  8.631E+12  1.731E+13  4.344E+13  1.121E+14  2.156E+14  3.186E+14  4.031E+14  4.672E+14  5.132E+14  5.443E+14  5.635E+14  5.727E+14  5.731E+14  5.647E+14  5.465E+14  5.166E+14  4.722E+14  4.101E+14  3.277E+14  2.265E+14
  465.0000  1.219E+14  4.773E+13  1.870E+13  9.018E+12  8.725E+12  1.749E+13  4.413E+13  1.145E+14  2.188E+14  3.212E+14  4.048E+14  4.677E+14  5.128E+14  5.433E+14  5.620E+14  5.710E+14  5.714E+14  5.632E+14  5.455E+14  5.162E+14  4.727E+14  4.116E+14  3.303E+14  2.297E+14
  470.0000  1.249E+14  4.869E+13  1.892E+13  9.122E+12  8.826E+12  1.769E+13  4.497E+13  1.173E+14  2.229E+14  3.255E+14  4.084E+14  4.707E+14  5.152E+14  5.453E+14  5.637E+14  5.725E+14  5.729E+14  5.649E+14  5.474E+14  5.186E+14  4.756E+14  4.152E+14  3.344E+14  2.339E+14
  475.0000  1.299E+14  5.042E+13  1.940E+13  9.343E+12  9.039E+12  1.814E+13  4.652E+13  1.221E+14  2.307E+14  3.351E+14  4.189E+14  4.816E+14  5.263E+14  5.565E+14  5.749E+14  5.838E+14  5.842E+14  5.761E+14  5.586E+14  5.297E+14  4.865E+14  4.257E+14  3.441E+14  2.419E+14
  480.0000  1.361E+14  5.229E+13  1.975E+13  9.436E+12  9.126E+12  1.845E+13  4.816E+13  1.278E+14  2.411E+14  3.489E+14  4.352E+14  4.996E+14  5.454E+14  5.762E+14  5.951E+14  6.042E+14  6.046E+14  5.963E+14  5.784E+14  5.488E+14  5.046E+14  4.422E+14  3.582E+14  2.527E+14
  485.0000  1.269E+14  4.860E+13  1.816E+13  8.669E+12  8.384E+12  1.697E+13  4.471E+13  1.193E+14  2.238E+14  3.222E+14  4.005E+14  4.587E+14  5.001E+14  5.279E+14  5.449E+14  5.530E+14  5.534E+14  5.460E+14  5.298E+14  5.032E+14  4.633E+14  4.069E+14  3.307E+14  2.344E+14
  490.0000  1.362E+14  5.207E+13  1.930E+13  9.230E+12  8.927E+12  1.803E+13  4.787E+13  1.280E+14  2.385E+14  3.415E+14  4.230E+14  4.833E+14  5.260E+14  5.547E+14  5.723E+14  5.807E+14  5.810E+14  5.734E+14  5.568E+14  5.292E+14  4.880E+14  4.296E+14  3.503E+14  2.497E+14
  495.0000  1.421E+14  5.418E+13  1.984E+13  9.471E+12  9.159E+12  1.853E+13  4.975E+13  1.337E+14  2.478E+14  3.532E+14  4.361E+14  4.973E+14  5.406E+14  5.696E+14  5.873E+14  5.958E+14  5.962E+14  5.885E+14  5.717E+14  5.438E+14  5.020E+14  4.428E+14  3.622E+14  2.593E+14
  500.0000  1.375E+14  5.199E+13  1.864E+13  8.824E+12  8.531E+12  1.740E+13  4.765E+13  1.293E+14  2.393E+14  3.403E+14  4.194E+14  4.777E+14  5.189E+14  5.466E+14  5.634E+14  5.715E+14  5.718E+14  5.645E+14  5.485E+14  5.220E+14  4.823E+14  4.258E+14  3.489E+14  2.503E+14
  505.0000  1.409E+14  5.271E+13  1.843E+13  8.616E+12  8.326E+12  1.717E+13  4.822E+13  1.325E+14  2.453E+14  3.483E+14  4.288E+14  4.881E+14  5.300E+14  5.581E+14  5.752E+14  5.834E+14  5.837E+14  5.763E+14  5.600E+14  5.331E+14  4.927E+14  4.353E+14  3.571E+14  2.565E+14
  510.0000  1.437E+14  5.381E+13  1.865E+13  8.740E+12  8.446E+12  1.738E+13  4.920E+13  1.352E+14  2.485E+14  3.511E+14  4.308E+14  4.893E+14  5.306E+14  5.582E+14  5.751E+14  5.831E+14  5.835E+14  5.761E+14  5.602E+14  5.337E+14  4.939E+14  4.372E+14  3.598E+14  2.598E+14
  515.0000  1.364E+14  5.100E+13  1.746E+13  8.172E+12  7.898E+12  1.626E+13  4.658E+13  1.283E+14  2.346E+14  3.301E+14  4.039E+14  4.580E+14  4.961E+14  5.216E+14  5.371E+14  5.445E+14  5.448E+14  5.381E+14  5.234E+14  4.989E+14  4.622E+14  4.098E+14  3.381E+14  2.451E+14
  520.0000  1.427E+14  5.318E+13  1.789E+13  8.340E+12  8.059E+12  1.666E+13  4.852E+13  1.343E+14  2.447E+14  3.432E+14  4.191E+14  4.747E+14  5.137E+14  5.398E+14  5.557E+14  5.633E+14  5.637E+14  5.567E+14  5.417E+14  5.166E+14  4.790E+14  4.252E+14  3.516E+14  2.556E+14
  525.0000  1.444E+14  5.339E+13  1.753E+13  8.086E+12  7.810E+12  1.631E+13  4.864E+13  1.359E+14  2.476E+14  3.467E+14  4.231E+14  4.789E+14  5.181E+14  5.443E+14  5.603E+14  5.679E+14  5.682E+14  5.613E+14  5.462E+14  5.210E+14  4.832E+14  4.292E+14  3.551E+14  2.585E+14
  530.0000  1.524E+14  5.575E+13  1.777E+13  8.074E+12  7.794E+12  1.650E+13  5.068E+13  1.434E+14  2.617E+14  3.666E+14  4.473E+14  5.063E+14  5.478E+14  5.755E+14  5.923E+14  6.004E+14  6.008E+14  5.934E+14  5.774E+14  5.508E+14  5.109E+14  4.538E+14  3.755E+14  2.733E+14
  535.0000  1.499E+14  5.462E+13  1.709E+13  7.717E+12  7.448E+12  1.585E+13  4.960E+13  1.410E+14  2.567E+14  3.587E+14  4.370E+14  4.942E+14  5.343E+14  5.611E+14  5.775E+14  5.853E+14  5.856E+14  5.785E+14  5.630E+14  5.373E+14  4.986E+14  4.433E+14  3.673E+14  2.680E+14
  540.0000  1.532E+14  5.586E+13  1.724E+13  7.780E+12  7.510E+12  1.599E+13  5.069E+13  1.442E+14  2.611E+14  3.636E+14  4.419E+14  4.990E+14  5.391E+14  5.658E+14  5.821E+14  5.899E+14  5.902E+14  5.832E+14  5.677E+14  5.421E+14  5.034E+14  4.482E+14  3.722E+14  2.724E+14
  545.0000  1.573E+14  5.714E+13  1.728E+13  7.742E+12  7.471E+12  1.601E+13  5.179E+13  1.481E+14  2.676E+14  3.720E+14  4.516E+14  5.096E+14  5.502E+14  5.774E+14  5.939E+14  6.018E+14  6.022E+14  5.950E+14  5.793E+14  5.533E+14  5.141E+14  4.580E+14  3.807E+14  2.792E+14
  550.0000  1.600E+14  5.804E+13  1.724E+13  7.685E+12  7.415E+12  1.596E+13  5.256E+13  1.507E+14  2.715E+14  3.766E+14  4.566E+14  5.148E+14  5.555E+14  5.827E+14  5.993E+14  6.072E+14  6.076E+14  6.004E+14  5.847E+14  5.585E+14  5.192E+14  4.630E+14  3.854E+14  2.832E+14
  555.0000  1.615E+14  5.851E+13  1.701E+13  7.543E+12  7.278E+12  1.573E+13  5.293E+13  1.521E+14  2.730E+14  3.776E+14  4.569E+14  5.145E+14  5.548E+14  5.817E+14  5.981E+14  6.060E+14  6.063E+14  5.992E+14  5.836E+14  5.578E+14  5.189E+14  4.632E+14  3.863E+14  2.847E+14
  560.0000  1.580E+14  5.682E+13  1.609E+13  7.047E+12  6.796E+12  1.485E+13  5.134E+13  1.488E+14  2.672E+14  3.695E+14  4.472E+14  5.035E+14  5.430E+14  5.694E+14  5.854E+14  5.931E+14  5.934E+14  5.864E+14  5.712E+14  5.459E+14  5.079E+14  4.534E+14  3.781E+14  2.786E+14
  565.0000  1.584E+14  5.656E+13  1.558E+13  6.733E+12  6.491E+12  1.436E+13  5.103E+13  1.492E+14  2.684E+14  3.713E+14  4.494E+14  5.061E+14  5.458E+14  5.723E+14  5.885E+14  5.963E+14  5.966E+14  5.895E+14  5.742E+14  5.488E+14  5.104E+14  4.556E+14  3.799E+14  2.798E+14
  570.0000  1.588E+14  5.648E+13  1.522E+13  6.519E+12  6.283E+12  1.401E+13  5.090E+13  1.495E+14  2.687E+14  3.714E+14  4.493E+14  5.058E+14  5.455E+14  5.719E+14  5.880E+14  5.958E+14  5.961E+14  5.891E+14  5.738E+14  5.484E+14  5.102E+14  4.555E+14  3.800E+14  2.801E+14
  575.0000  1.638E+14  5.828E+13  1.545E+13  6.593E+12  6.354E+12  1.421E+13  5.249E+13  1.542E+14  2.764E+14  3.812E+14  4.606E+14  5.181E+14  5.584E+14  5.853E+14  6.017E+14  6.096E+14  6.099E+14  6.027E+14  5.872E+14  5.614E+14  5.225E+14  4.669E+14  3.900E+14  2.881E+14
  580.0000  1.657E+14  5.951E+13  1.572E+13  6.745E+12  6.503E+12  1.446E+13  5.361E+13  1.562E+14  2.776E+14  3.810E+14  4.589E+14  5.153E+14  5.547E+14  5.810E+14  5.970E+14  6.047E+14  6.051E+14  5.981E+14  5.829E+14  5.576E+14  5.196E+14  4.651E+14  3.896E+14  2.892E+14
  585.0000  1.707E+14  6.187E+13  1.629E+13  7.035E+12  6.786E+12  1.499E+13  5.576E+13  1.610E+14  2.837E+14  3.874E+14  4.652E+14  5.213E+14  5.605E+14  5.867E+14  6.026E+14  6.103E+14  6.106E+14  6.037E+14  5.886E+14  5.635E+14  5.256E+14  4.714E+14  3.960E+14  2.954E+14
  590.0000  1.680E+14  6.120E+13  1.595E+13  6.890E+12  6.648E+12  1.467E+13  5.515E+13  1.586E+14  2.779E+14  3.783E+14  4.533E+14  5.074E+14  5.452E+14  5.704E+14  5.857E+14  5.930E+14  5.933E+14  5.867E+14  5.721E+14  5.480E+14  5.115E+14  4.593E+14  3.866E+14  2.892E+14
  595.0000  1.724E+14  6.260E+13  1.597E+13  6.832E+12  6.590E+12  1.466E+13  5.637E+13  1.627E+14  2.851E+14  3.878E+14  4.646E+14  5.200E+14  5.587E+14  5.845E+14  6.002E+14  6.077E+14  6.080E+14  6.012E+14  5.863E+14  5.616E+14  5.243E+14  4.707E+14  3.963E+14  2.966E+14
  600.0000  1.684E+14  6.083E+13  1.514E+13  6.393E+12  6.165E+12  1.387E+13  5.472E+13  1.589E+14  2.788E+14  3.795E+14  4.549E+14  5.092E+14  5.472E+14  5.726E+14  5.880E+14  5.954E+14  5.957E+14  5.890E+14  5.743E+14  5.500E+14  5.134E+14  4.609E+14  3.879E+14  2.902E+14
  605.0000  1.734E+14  6.289E+13  1.548E+13  6.530E+12  6.298E+12  1.418E+13  5.657E+13  1.636E+14  2.859E+14  3.880E+14  4.643E+14  5.193E+14  5.576E+14  5.833E+14  5.989E+14  6.063E+14  6.066E+14  5.999E+14  5.851E+14  5.605E+14  5.235E+14  4.704E+14  3.965E+14  2.974E+14
  610.0000  1.773E+14  6.528E+13  1.615E+13  6.886E+12  6.646E+12  1.479E+13  5.878E+13  1.676E+14  2.895E+14  3.904E+14  4.654E+14  5.193E+14  5.568E+14  5.819E+14  5.971E+14  6.044E+14  6.047E+14  5.981E+14  5.836E+14  5.596E+14  5.234E+14  4.714E+14  3.988E+14  3.009E+14
  615.0000  1.797E+14  6.725E+13  1.675E+13  7.236E+12  6.988E+12  1.535E+13  6.062E+13  1.700E+14  2.903E+14  3.888E+14  4.616E+14  5.138E+14  5.501E+14  5.742E+14  5.889E+14  5.960E+14  5.963E+14  5.899E+14  5.759E+14  5.528E+14  5.178E+14  4.674E+14  3.969E+14  3.015E+14
  620.0000  1.884E+14  7.149E+13  1.786E+13  7.795E+12  7.533E+12  1.638E+13  6.450E+13  1.784E+14  3.016E+14  4.016E+14  4.751E+14  5.276E+14  5.641E+14  5.884E+14  6.031E+14  6.102E+14  6.105E+14  6.041E+14  5.901E+14  5.668E+14  5.316E+14  4.809E+14  4.098E+14  3.130E+14
  625.0000  1.898E+14  7.286E+13  1.821E+13  8.004E+12  7.739E+12  1.670E+13  6.578E+13  1.799E+14  3.014E+14  3.993E+14  4.709E+14  5.220E+14  5.575E+14  5.811E+14  5.954E+14  6.023E+14  6.025E+14  5.963E+14  5.827E+14  5.601E+14  5.259E+14  4.766E+14  4.073E+14  3.126E+14
  630.0000  1.958E+14  7.611E+13  1.906E+13  8.440E+12  8.165E+12  1.747E+13  6.877E+13  1.857E+14  3.084E+14  4.064E+14  4.778E+14  5.286E+14  5.639E+14  5.873E+14  6.015E+14  6.083E+14  6.086E+14  6.024E+14  5.890E+14  5.665E+14  5.325E+14  4.834E+14  4.144E+14  3.196E+14
  635.0000  2.005E+14  7.897E+13  1.983E+13  8.858E+12  8.574E+12  1.819E+13  7.142E+13  1.904E+14  3.132E+14  4.103E+14  4.809E+14  5.310E+14  5.657E+14  5.888E+14  6.028E+14  6.095E+14  6.098E+14  6.037E+14  5.904E+14  5.683E+14  5.348E+14  4.865E+14  4.182E+14  3.243E+14
  640.0000  2.044E+14  8.160E+13  2.056E+13  9.265E+12  8.973E+12  1.886E+13  7.386E+13  1.943E+14  3.165E+14  4.125E+14  4.818E+14  5.310E+14  5.650E+14  5.876E+14  6.013E+14  6.078E+14  6.081E+14  6.021E+14  5.892E+14  5.675E+14  5.347E+14  4.873E+14  4.202E+14  3.275E+14
  644.8000  2.090E+14  8.442E+13  2.131E+13  9.674E+12  9.374E+12  1.955E+13  7.648E+13  1.988E+14  3.211E+14  4.164E+14  4.850E+14  5.336E+14  5.671E+14  5.894E+14  6.029E+14  6.093E+14  6.096E+14  6.037E+14  5.910E+14  5.696E+14  5.373E+14  4.904E+14  4.241E+14  3.320E+14
  651.0500  2.131E+14  8.724E+13  2.202E+13  1.006E+13  9.752E+12  2.020E+13  7.911E+13  2.029E+14  3.246E+14  4.186E+14  4.860E+14  5.336E+14  5.665E+14  5.883E+14  6.015E+14  6.078E+14  6.081E+14  6.023E+14  5.898E+14  5.689E+14  5.372E+14  4.913E+14  4.262E+14  3.354E+14
  660.0000  2.116E+14  8.832E+13  2.230E+13  1.027E+13  9.968E+12  2.044E+13  8.019E+13  2.017E+14  3.184E+14  4.074E+14  4.709E+14  5.156E+14  5.464E+14  5.668E+14  5.792E+14  5.851E+14  5.853E+14  5.800E+14  5.683E+14  5.487E+14  5.190E+14  4.759E+14  4.145E+14  3.287E+14
  670.0000  2.282E+14  9.733E+13  2.460E+13  1.143E+13  1.110E+13  2.254E+13  8.851E+13  2.179E+14  3.389E+14  4.300E+14  4.946E+14  5.399E+14  5.711E+14  5.917E+14  6.042E+14  6.102E+14  6.105E+14  6.050E+14  5.932E+14  5.734E+14  5.433E+14  4.996E+14  4.373E+14  3.495E+14
  680.0000  2.344E+14  1.019E+14  2.573E+13  1.202E+13  1.168E+13  2.354E+13  9.281E+13  2.241E+14  3.440E+14  4.332E+14  4.961E+14  5.401E+14  5.704E+14  5.904E+14  6.026E+14  6.083E+14  6.086E+14  6.033E+14  5.918E+14  5.726E+14  5.435E+14  5.010E+14  4.403E+14  3.544E+14
  690.0000  2.406E+14  1.064E+14  2.677E+13  1.253E+13  1.219E+13  2.446E+13  9.703E+13  2.303E+14  3.495E+14  4.373E+14  4.988E+14  5.418E+14  5.714E+14  5.909E+14  6.027E+14  6.084E+14  6.086E+14  6.035E+14  5.923E+14  5.735E+14  5.451E+14  5.036E+14  4.442E+14  3.597E+14
  700.0000  2.462E+14  1.107E+14  2.779E+13  1.302E+13  1.267E+13  2.535E+13  1.011E+14  2.358E+14  3.539E+14  4.399E+14  4.999E+14  5.418E+14  5.705E+14  5.895E+14  6.010E+14  6.065E+14  6.068E+14  6.018E+14  5.909E+14  5.726E+14  5.449E+14  5.045E+14  4.466E+14  3.639E+14
  710.0000  2.487E+14  1.134E+14  2.829E+13  1.321E+13  1.286E+13  2.576E+13  1.036E+14  2.385E+14  3.546E+14  4.384E+14  4.968E+14  5.375E+14  5.654E+14  5.838E+14  5.950E+14  6.003E+14  6.005E+14  5.957E+14  5.851E+14  5.674E+14  5.405E+14  5.013E+14  4.451E+14  3.644E+14
  720.0000  2.482E+14  1.147E+14  2.842E+13  1.320E+13  1.286E+13  2.582E+13  1.049E+14  2.383E+14  3.513E+14  4.323E+14  4.886E+14  5.277E+14  5.546E+14  5.723E+14  5.831E+14  5.882E+14  5.884E+14  5.838E+14  5.736E+14  5.565E+14  5.307E+14  4.929E+14  4.387E+14  3.608E+14
  730.0000  2.505E+14  1.173E+14  2.893E+13  1.337E+13  1.303E+13  2.624E+13  1.074E+14  2.406E+14  3.517E+14  4.308E+14  4.854E+14  5.234E+14  5.495E+14  5.668E+14  5.772E+14  5.822E+14  5.824E+14  5.779E+14  5.680E+14  5.514E+14  5.263E+14  4.897E+14  4.369E+14  3.610E+14
------------------------------------------------------------
Photolysis rate coefficients, s-1
   1 = O3 -> O2 + O(1D)                                  
   2 = H2O2 -> 2 OH                                      
   3 = NO2 -> NO + O(3P)                                 
   4 = NO3 -> NO + O2                                    
   5 = NO3 -> NO2 + O(3P)                                
   6 = CH2O -> H + HCO                                   
   7 = CH2O -> H2 + CO                                   
values at z =      0.500 km
Columns: time, sza, photo-reactions
time, hrs.  sza, deg.          1          2          3          4          5          6          7
    0.0000     82.362  3.959E-07  5.362E-07  1.248E-03  6.942E-03  4.990E-02  1.645E-06  4.079E-06
    1.0000     86.255  1.480E-07  2.296E-07  5.520E-04  2.565E-03  1.827E-02  6.385E-07  1.773E-06
    2.0000     89.017  5.852E-08  9.216E-08  2.323E-04  6.459E-04  5.420E-03  2.344E-07  7.100E-07
    3.0000     90.474  3.037E-08  4.494E-08  1.141E-04  2.780E-04  2.425E-03  1.113E-07  3.447E-07
    4.0000     90.530  2.955E-08  4.358E-08  1.106E-04  2.684E-04  2.341E-03  1.079E-07  3.342E-07
    5.0000     89.180  5.488E-08  8.611E-08  2.175E-04  5.924E-04  5.015E-03  2.181E-07  6.630E-07
    6.0000     86.514  1.371E-07  2.140E-07  5.166E-04  2.311E-03  1.656E-02  5.902E-07  1.653E-06
    7.0000     82.700  3.668E-07  5.039E-07  1.175E-03  6.560E-03  4.701E-02  1.536E-06  3.839E-06
    8.0000     77.960  9.594E-07  1.060E-06  2.358E-03  1.133E-02  8.460E-02  3.496E-06  7.910E-06
    9.0000     72.554  2.329E-06  1.933E-06  3.900E-03  1.529E-02  1.175E-01  6.868E-06  1.417E-05
   10.0000     66.763  4.874E-06  3.015E-06  5.455E-03  1.823E-02  1.427E-01  1.140E-05  2.166E-05
   11.0000     60.903  8.634E-06  4.140E-06  6.812E-03  2.034E-02  1.611E-01  1.640E-05  2.913E-05
   12.0000     55.330  1.315E-05  5.165E-06  7.886E-03  2.181E-02  1.740E-01  2.113E-05  3.567E-05
   13.0000     50.461  1.762E-05  5.994E-06  8.666E-03  2.279E-02  1.826E-01  2.505E-05  4.076E-05
   14.0000     46.771  2.120E-05  6.572E-06  9.169E-03  2.339E-02  1.879E-01  2.782E-05  4.421E-05
   15.0000     44.723  2.323E-05  6.873E-06  9.419E-03  2.368E-02  1.904E-01  2.927E-05  4.597E-05
   16.0000     44.630  2.332E-05  6.886E-06  9.430E-03  2.369E-02  1.905E-01  2.934E-05  4.605E-05
   17.0000     46.506  2.146E-05  6.611E-06  9.203E-03  2.343E-02  1.882E-01  2.801E-05  4.444E-05
   18.0000     50.061  1.800E-05  6.058E-06  8.724E-03  2.286E-02  1.832E-01  2.536E-05  4.115E-05
   19.0000     54.836  1.358E-05  5.251E-06  7.971E-03  2.192E-02  1.749E-01  2.154E-05  3.621E-05
   20.0000     60.357  9.039E-06  4.242E-06  6.925E-03  2.050E-02  1.625E-01  1.687E-05  2.980E-05
   21.0000     66.199  5.185E-06  3.123E-06  5.595E-03  1.846E-02  1.447E-01  1.187E-05  2.239E-05
   22.0000     72.000  2.522E-06  2.031E-06  4.054E-03  1.561E-02  1.203E-01  7.263E-06  1.485E-05
   23.0000     77.442  1.056E-06  1.135E-06  2.504E-03  1.178E-02  8.825E-02  3.773E-06  8.454E-06
------------------------------------------------------------
